MqA_CHR08:19345417-19346460	MqA_CHR08	100.000	1044	0	0	1	1044	19345417	19346460	0.0	1929
MqA_CHR08:19345417-19346460	MqA_CHR08	96.743	1044	33	1	1	1044	4098272	4097230	0.0	1738
MqA_CHR08:19345417-19346460	MqA_CHR08	96.552	1044	36	0	1	1044	12486845	12487888	0.0	1729
MqA_CHR08:19345417-19346460	MqA_CHR08	95.402	1044	48	0	1	1044	3747450	3748493	0.0	1663
MqA_CHR08:19345417-19346460	MqA_CHR08	94.061	1044	62	0	1	1044	13602772	13603815	0.0	1585
MqA_CHR08:19345417-19346460	MqA_CHR08	94.015	1036	61	1	1	1036	14304957	14305991	0.0	1568
MqA_CHR08:19345417-19346460	MqA_CHR08	85.605	1042	148	2	1	1042	16065386	16064347	0.0	1092
MqA_CHR08:19345417-19346460	MqA_CHR04	97.701	1044	24	0	1	1044	4772431	4771388	0.0	1796
MqA_CHR08:19345417-19346460	MqA_CHR04	97.222	1044	29	0	1	1044	9447807	9448850	0.0	1768
MqA_CHR08:19345417-19346460	MqA_CHR04	96.456	1044	36	1	1	1044	6261248	6262290	0.0	1722
MqA_CHR08:19345417-19346460	MqA_CHR05	97.701	1044	24	0	1	1044	17855635	17854592	0.0	1796
MqA_CHR08:19345417-19346460	MqA_CHR05	97.510	1044	26	0	1	1044	18406377	18405334	0.0	1784
MqA_CHR08:19345417-19346460	MqA_CHR05	88.900	1045	114	2	1	1044	21288043	21289086	0.0	1286
MqA_CHR08:19345417-19346460	MqA_CHR05	85.057	1044	144	5	1	1044	13880376	13881407	0.0	1053
MqA_CHR08:19345417-19346460	MqA_CHR05	95.200	125	6	0	920	1044	6110253	6110377	4.16e-49	198
MqA_CHR08:19345417-19346460	MqA_CHR05	96.581	117	4	0	920	1036	6182072	6182188	5.38e-48	195
MqA_CHR08:19345417-19346460	MqA_CHR06	97.318	1044	28	0	1	1044	21722390	21723433	0.0	1773
MqA_CHR08:19345417-19346460	MqA_CHR06	92.912	1044	73	1	1	1044	21841252	21842294	0.0	1517
MqA_CHR08:19345417-19346460	MqA_CHR06	92.773	1024	72	2	1	1023	21848822	21849844	0.0	1480
MqA_CHR08:19345417-19346460	MqA_CHR06	90.996	1044	94	0	1	1044	10645048	10646091	0.0	1408
MqA_CHR08:19345417-19346460	MqA_CHR06	88.356	730	84	1	315	1044	13997420	13996692	0.0	876
MqA_CHR08:19345417-19346460	MqA_CHR11	97.033	1045	30	1	1	1044	19065217	19066261	0.0	1757
MqA_CHR08:19345417-19346460	MqA_CHR11	85.837	1052	141	4	1	1044	6972325	6973376	0.0	1110
MqA_CHR08:19345417-19346460	MqA_CHR11	86.166	853	115	3	194	1044	11408471	11407620	0.0	918
MqA_CHR08:19345417-19346460	MqA_CHR11	77.130	892	185	12	157	1044	7620150	7621026	1.02e-139	499
MqA_CHR08:19345417-19346460	MqA_CHR11	75.076	991	218	17	32	1016	9768221	9767254	2.91e-120	435
MqA_CHR08:19345417-19346460	MqA_CHR01	96.839	1044	33	0	1	1044	10445008	10443965	0.0	1746
MqA_CHR08:19345417-19346460	MqA_CHR01	95.287	785	35	1	260	1044	11605972	11606754	0.0	1243
MqA_CHR08:19345417-19346460	MqA_CHR01	86.497	1059	128	8	1	1044	10364191	10365249	0.0	1149
MqA_CHR08:19345417-19346460	MqA_CHR03	96.360	1044	38	0	1	1044	13093371	13094414	0.0	1718
MqA_CHR08:19345417-19346460	MqA_CHR03	95.062	1053	43	4	1	1044	8243819	8244871	0.0	1648
MqA_CHR08:19345417-19346460	MqA_CHR03	92.891	1041	70	1	4	1044	8738160	8737124	0.0	1509
MqA_CHR08:19345417-19346460	MqA_CHR03	97.270	879	24	0	166	1044	5739165	5738287	0.0	1491
MqA_CHR08:19345417-19346460	MqA_CHR03	80.715	783	121	16	1	783	13300263	13301015	9.83e-165	582
MqA_CHR08:19345417-19346460	MqA_CHR10	96.357	1043	37	1	1	1043	19679001	19680042	0.0	1714
MqA_CHR08:19345417-19346460	MqA_CHR10	95.690	1044	44	1	1	1044	12242809	12243851	0.0	1677
MqA_CHR08:19345417-19346460	MqA_CHR10	91.475	1044	89	0	1	1044	12534632	12535675	0.0	1435
MqA_CHR08:19345417-19346460	MqA_CHR10	86.180	1042	143	1	1	1042	12123878	12122838	0.0	1125
MqA_CHR08:19345417-19346460	MqA_CHR10	85.340	1030	135	6	1	1030	11879916	11880929	0.0	1051
MqA_CHR08:19345417-19346460	MqA_CHR10	81.486	740	128	5	4	737	8847809	8847073	9.76e-170	599
MqA_CHR08:19345417-19346460	MqA_CHR10	87.984	258	30	1	788	1044	12791285	12791542	8.57e-81	303
MqA_CHR08:19345417-19346460	MqA_CHR02	94.157	1044	60	1	1	1044	8483124	8482082	0.0	1589
MqA_CHR08:19345417-19346460	MqA_CHR02	93.629	1036	66	0	1	1036	5552633	5553668	0.0	1548
MqA_CHR08:19345417-19346460	MqA_CHR02	93.295	1044	66	1	1	1044	8595707	8596746	0.0	1537
MqA_CHR08:19345417-19346460	MqA_CHR02	86.220	1045	130	4	1	1044	11988752	11987721	0.0	1120
MqA_CHR08:19345417-19346460	MqA_CHR02	83.174	1046	172	3	1	1044	12224157	12225200	0.0	953
MqA_CHR08:19345417-19346460	MqA_CHR02	89.164	646	68	2	399	1044	6428011	6428654	0.0	804
MqA_CHR08:19345417-19346460	MqA_CTG004	93.564	1010	65	0	1	1010	190922	191931	0.0	1506
MqA_CHR08:19345417-19346460	MqA_CHR09	91.475	1044	77	1	1	1044	13068045	13069076	0.0	1424
MqA_CHR08:19345417-19346460	MqA_CHR09	91.109	1046	89	3	1	1044	14757512	14756469	0.0	1413
MqA_CHR08:19345417-19346460	MqA_CHR09	90.019	1062	88	8	1	1044	14805582	14804521	0.0	1358
MqA_CHR08:19345417-19346460	MqA_CTG007	85.373	1046	149	4	1	1044	410908	409865	0.0	1081
MqA_CHR08:19345417-19346460	MqA_CTG002	79.524	1050	203	12	1	1044	242454	243497	0.0	737
MqA_CHR08:19345417-19346460	MqA_CHR07	87.919	596	71	1	449	1044	13819761	13820355	0.0	701
MqA_CHR08:19345417-19346460	MqA_CHR07	87.919	596	71	1	449	1044	13831098	13831692	0.0	701
MqA_CHR08:19345417-19346460	MqB_CHR08	97.989	1044	21	0	1	1044	13155940	13154897	0.0	1812
MqA_CHR08:19345417-19346460	MqB_CHR08	96.743	1044	33	1	1	1044	4035234	4034192	0.0	1738
MqA_CHR08:19345417-19346460	MqB_CHR08	96.456	1044	37	0	1	1044	12229271	12230314	0.0	1724
MqA_CHR08:19345417-19346460	MqB_CHR08	95.402	1044	48	0	1	1044	3685966	3687009	0.0	1663
MqA_CHR08:19345417-19346460	MqB_CHR08	94.061	1044	62	0	1	1044	13358076	13359119	0.0	1585
MqA_CHR08:19345417-19346460	MqB_CHR08	94.112	1036	60	1	1	1036	14788148	14789182	0.0	1574
MqA_CHR08:19345417-19346460	MqB_CHR08	85.605	1042	148	2	1	1042	16474072	16473033	0.0	1092
MqA_CHR08:19345417-19346460	MqB_CHR05	97.510	1044	26	0	1	1044	20231825	20230782	0.0	1784
MqA_CHR08:19345417-19346460	MqB_CHR05	92.925	1046	66	4	1	1044	5599111	5598072	0.0	1515
MqA_CHR08:19345417-19346460	MqB_CHR05	88.900	1045	114	2	1	1044	24026654	24027697	0.0	1286
MqA_CHR08:19345417-19346460	MqB_CHR05	87.931	1044	125	1	1	1044	9988462	9987420	0.0	1229
MqA_CHR08:19345417-19346460	MqB_CHR05	84.130	1046	157	5	1	1044	12972785	12971747	0.0	1003
MqA_CHR08:19345417-19346460	MqB_CHR05	77.662	1052	212	22	4	1044	10084079	10083040	7.56e-176	619
MqA_CHR08:19345417-19346460	MqB_CHR05	90.400	125	12	0	920	1044	6296869	6296993	4.26e-39	165
MqA_CHR08:19345417-19346460	MqB_CHR04	97.126	1044	29	1	1	1044	9372104	9373146	0.0	1760
MqA_CHR08:19345417-19346460	MqB_CHR04	96.456	1044	36	1	1	1044	6176017	6177059	0.0	1722
MqA_CHR08:19345417-19346460	MqB_CHR11	96.938	1045	31	1	1	1044	19199175	19200219	0.0	1751
MqA_CHR08:19345417-19346460	MqB_CHR11	85.837	1052	141	4	1	1044	7155511	7156562	0.0	1110
MqA_CHR08:19345417-19346460	MqB_CHR11	86.284	853	114	3	194	1044	11663074	11662223	0.0	924
MqA_CHR08:19345417-19346460	MqB_CHR11	77.242	892	184	12	157	1044	7797552	7798428	2.21e-141	505
MqA_CHR08:19345417-19346460	MqB_CHR11	75.101	992	216	19	32	1016	9831654	9830687	2.94e-120	435
MqA_CHR08:19345417-19346460	MqB_CHR01	96.839	1044	33	0	1	1044	10252392	10251349	0.0	1746
MqA_CHR08:19345417-19346460	MqB_CHR01	95.414	785	34	1	260	1044	11447671	11448453	0.0	1249
MqA_CHR08:19345417-19346460	MqB_CHR01	86.497	1059	128	8	1	1044	10171583	10172641	0.0	1149
MqA_CHR08:19345417-19346460	MqB_CHR02	96.548	1043	36	0	1	1043	6384754	6385796	0.0	1727
MqA_CHR08:19345417-19346460	MqB_CHR02	91.399	1058	64	9	1	1044	8560825	8561869	0.0	1424
MqA_CHR08:19345417-19346460	MqB_CHR02	85.646	1045	136	4	1	1044	11851234	11850203	0.0	1086
MqA_CHR08:19345417-19346460	MqB_CHR02	83.174	1046	172	3	1	1044	12109946	12110989	0.0	953
MqA_CHR08:19345417-19346460	MqB_CHR02	86.145	166	22	1	831	995	3666685	3666520	5.47e-43	178
MqA_CHR08:19345417-19346460	MqB_CHR03	96.360	1044	38	0	1	1044	12707122	12708165	0.0	1718
MqA_CHR08:19345417-19346460	MqB_CHR03	95.785	1044	43	1	1	1044	19429432	19430474	0.0	1683
MqA_CHR08:19345417-19346460	MqB_CHR03	92.891	1041	70	1	4	1044	8311561	8310525	0.0	1509
MqA_CHR08:19345417-19346460	MqB_CHR03	97.270	879	24	0	166	1044	5712971	5712093	0.0	1491
MqA_CHR08:19345417-19346460	MqB_CHR03	80.715	783	121	16	1	783	12914016	12914768	9.92e-165	582
MqA_CHR08:19345417-19346460	MqB_CHR10	95.785	1044	43	1	1	1044	12346353	12347395	0.0	1683
MqA_CHR08:19345417-19346460	MqB_CHR10	86.276	1042	141	2	1	1042	12225928	12224889	0.0	1131
MqA_CHR08:19345417-19346460	MqB_CHR10	84.019	1045	136	12	1	1030	11990358	11991386	0.0	976
MqA_CHR08:19345417-19346460	MqB_CHR10	81.351	740	129	5	4	737	8926564	8925828	4.58e-168	593
MqA_CHR08:19345417-19346460	MqB_CHR10	87.984	258	30	1	788	1044	12739174	12739431	8.65e-81	303
MqA_CHR08:19345417-19346460	MqB_CHR06	92.912	1044	73	1	1	1044	23361300	23362342	0.0	1517
MqA_CHR08:19345417-19346460	MqB_CHR06	92.773	1024	72	2	1	1023	23368870	23369892	0.0	1480
MqA_CHR08:19345417-19346460	MqB_CHR06	90.996	1044	94	0	1	1044	10497384	10498427	0.0	1408
MqA_CHR08:19345417-19346460	MqB_CHR06	88.219	730	85	1	315	1044	14195658	14194930	0.0	870
MqA_CHR08:19345417-19346460	MqB_CTG006	93.663	1010	64	0	1	1010	366274	367283	0.0	1511
MqA_CHR08:19345417-19346460	MqB_CHR09	91.858	1044	73	1	1	1044	12995793	12996824	0.0	1447
MqA_CHR08:19345417-19346460	MqB_CHR09	90.472	1018	86	5	1	1016	14700740	14699732	0.0	1332
MqA_CHR08:19345417-19346460	MqB_CHR09	83.877	1011	161	2	34	1044	11309089	11310097	0.0	963
MqA_CHR08:19345417-19346460	MqB_CHR09	94.231	52	3	0	993	1044	14699731	14699680	1.59e-13	80.5
MqA_CHR08:19345417-19346460	MqB_CHR07	91.675	1045	83	3	1	1044	4159210	4158169	0.0	1445
MqA_CHR08:19345417-19346460	MqB_CHR07	88.087	596	70	1	449	1044	12870722	12871316	0.0	706
