MqA_CHR08:19335000-19337973	MqA_CHR08	100.000	2974	0	0	1	2974	19335000	19337973	0.0	5493
MqA_CHR08:19335000-19337973	MqA_CHR08	92.869	2973	201	6	1	2972	19512524	19515486	0.0	4305
MqA_CHR08:19335000-19337973	MqA_CHR08	74.089	2771	589	87	2	2699	19448488	19451202	0.0	1020
MqA_CHR08:19335000-19337973	MqA_CHR08	77.058	1482	288	35	3	1460	19065437	19066890	0.0	806
MqA_CHR08:19335000-19337973	MqA_CHR08	76.617	1531	305	37	3	1507	19081372	19082875	0.0	795
MqA_CHR08:19335000-19337973	MqA_CHR08	80.975	841	150	10	1	836	19312230	19313065	0.0	658
MqA_CHR08:19335000-19337973	MqA_CHR08	78.715	794	159	10	48	836	19224757	19225545	6.30e-146	521
MqA_CHR08:19335000-19337973	MqA_CHR08	76.900	987	186	32	13	984	19276492	19277451	6.30e-146	521
MqA_CHR08:19335000-19337973	MqA_CHR08	76.619	988	187	34	13	984	19392422	19393381	6.34e-141	505
MqA_CHR08:19335000-19337973	MqA_CHR08	71.678	858	213	21	1778	2617	19407661	19408506	1.55e-52	211
MqA_CHR08:19335000-19337973	MqA_CHR08	72.404	703	160	28	1707	2389	19226237	19226925	5.61e-47	193
MqA_CHR08:19335000-19337973	MqA_CHR08	71.397	902	211	35	1741	2617	19293617	19294496	5.61e-47	193
MqA_CHR08:19335000-19337973	MqA_CHR08	71.469	715	171	24	1707	2405	19245874	19246571	5.69e-37	159
MqA_CHR08:19335000-19337973	MqA_CHR05	71.743	998	247	27	1667	2645	12919913	12918932	1.18e-63	248
MqA_CHR08:19335000-19337973	MqA_CHR05	71.943	916	226	25	1747	2645	12895043	12894142	7.10e-61	239
MqA_CHR08:19335000-19337973	MqA_CHR05	72.368	836	185	30	1824	2645	12982912	12982109	7.15e-56	222
MqA_CHR08:19335000-19337973	MqB_CHR08	91.773	2978	221	13	1	2972	20236260	20239219	0.0	4120
MqA_CHR08:19335000-19337973	MqB_CHR08	88.267	2983	322	21	1	2972	20080357	20083322	0.0	3544
MqA_CHR08:19335000-19337973	MqB_CHR08	88.205	2696	292	21	8	2694	20116714	20119392	0.0	3193
MqA_CHR08:19335000-19337973	MqB_CHR08	89.329	1996	191	16	1	1987	20136317	20138299	0.0	2486
MqA_CHR08:19335000-19337973	MqB_CHR08	85.944	996	132	6	1981	2972	20139906	20140897	0.0	1057
MqA_CHR08:19335000-19337973	MqB_CHR08	76.908	1507	290	39	29	1507	19808638	19810114	0.0	802
MqA_CHR08:19335000-19337973	MqB_CHR08	79.714	838	160	10	4	836	20052351	20053183	1.03e-168	597
MqA_CHR08:19335000-19337973	MqB_CHR08	79.028	844	165	11	1	838	20182638	20183475	8.05e-160	568
MqA_CHR08:19335000-19337973	MqB_CHR08	78.359	841	168	13	3	836	19995459	19996292	2.93e-149	532
MqA_CHR08:19335000-19337973	MqB_CHR08	77.737	813	171	10	29	836	20201605	20202412	1.79e-136	490
MqA_CHR08:19335000-19337973	MqB_CHR08	73.864	968	210	32	1715	2659	20220392	20221339	4.10e-93	346
MqA_CHR08:19335000-19337973	MqB_CHR08	73.124	986	217	37	1741	2699	20093380	20094344	5.38e-82	309
MqA_CHR08:19335000-19337973	MqB_CHR08	72.912	934	214	29	1747	2659	19979761	19980676	2.52e-75	287
MqA_CHR08:19335000-19337973	MqB_CHR08	72.544	743	175	27	1664	2389	20168056	20168786	1.21e-53	215
MqA_CHR08:19335000-19337973	MqB_CHR08	72.665	439	101	13	1707	2134	19997002	19997432	1.62e-27	128
MqA_CHR08:19335000-19337973	MqB_CHR08	76.836	177	39	2	2469	2644	20185241	20185416	1.27e-18	99.0
MqA_CHR08:19335000-19337973	MqB_CHR05	72.897	856	198	30	1824	2659	14995152	14994311	1.18e-68	265
MqA_CHR08:19335000-19337973	MqB_CHR05	72.606	898	209	31	1773	2649	15111123	15110242	1.53e-67	261
MqA_CHR08:19335000-19337973	MqB_CHR05	73.607	682	160	18	1977	2645	15129322	15128648	1.54e-62	244
