MqA_CHR08:19350017-19354857	MqA_CHR08	100.000	4841	0	0	1	4841	19350017	19354857	0.0	8940
MqA_CHR08:19350017-19354857	MqA_CHR08	86.531	3445	428	30	1	3426	19223507	19226934	0.0	3759
MqA_CHR08:19350017-19354857	MqA_CHR08	85.792	3322	434	31	121	3430	19243274	19246569	0.0	3485
MqA_CHR08:19350017-19354857	MqA_CHR08	84.153	3496	472	56	1	3454	19366800	19370255	0.0	3312
MqA_CHR08:19350017-19354857	MqA_CHR08	85.681	2598	341	23	1	2580	19290819	19293403	0.0	2708
MqA_CHR08:19350017-19354857	MqA_CHR08	89.024	2141	225	9	1	2137	19064232	19066366	0.0	2643
MqA_CHR08:19350017-19354857	MqA_CHR08	88.796	2142	230	10	1	2137	19080165	19082301	0.0	2617
MqA_CHR08:19350017-19354857	MqA_CHR08	86.816	2283	268	15	2578	4841	19293432	19295700	0.0	2518
MqA_CHR08:19350017-19354857	MqA_CHR08	85.783	2089	259	15	2771	4841	19407634	19409702	0.0	2178
MqA_CHR08:19350017-19354857	MqA_CHR08	85.304	1742	210	21	2660	4381	19466183	19467898	0.0	1757
MqA_CHR08:19350017-19354857	MqA_CHR08	86.097	1158	152	8	1	1154	19252154	19253306	0.0	1238
MqA_CHR08:19350017-19354857	MqA_CHR08	77.416	2059	386	57	1	2038	19511357	19513357	0.0	1153
MqA_CHR08:19350017-19354857	MqA_CHR08	86.865	906	100	8	3937	4839	19479833	19480722	0.0	996
MqA_CHR08:19350017-19354857	MqA_CHR08	89.392	773	80	2	4069	4841	19490391	19491161	0.0	972
MqA_CHR08:19350017-19354857	MqA_CHR08	81.190	1244	196	28	2143	3362	19066406	19067635	0.0	966
MqA_CHR08:19350017-19354857	MqA_CHR08	81.134	1235	188	24	2143	3362	19082341	19083545	0.0	948
MqA_CHR08:19350017-19354857	MqA_CHR08	84.316	746	94	17	2693	3430	19253321	19254051	0.0	708
MqA_CHR08:19350017-19354857	MqA_CHR08	81.818	847	140	4	3567	4400	19083627	19084472	0.0	699
MqA_CHR08:19350017-19354857	MqA_CHR08	84.242	679	101	3	4161	4839	19467813	19468485	0.0	656
MqA_CHR08:19350017-19354857	MqA_CHR08	83.881	670	103	3	2148	2813	19465530	19466198	1.27e-179	634
MqA_CHR08:19350017-19354857	MqA_CHR08	82.258	682	108	2	4160	4841	19068490	19069158	2.16e-162	577
MqA_CHR08:19350017-19354857	MqA_CHR08	81.374	655	106	6	3451	4091	19067667	19068319	3.70e-145	520
MqA_CHR08:19350017-19354857	MqA_CHR08	80.882	680	109	8	4160	4838	19084367	19085026	4.79e-144	516
MqA_CHR08:19350017-19354857	MqA_CHR08	81.783	258	47	0	4132	4389	19068327	19068584	5.44e-54	217
MqA_CHR08:19350017-19354857	MqA_CHR08	73.643	258	67	1	3837	4093	19067789	19068046	2.05e-18	99.0
MqA_CHR08:19350017-19354857	MqA_CHR05	87.917	4734	504	30	1	4706	12985755	12981062	0.0	5511
MqA_CHR08:19350017-19354857	MqA_CHR05	86.789	4731	547	43	1	4696	13014370	13009683	0.0	5203
MqA_CHR08:19350017-19354857	MqA_CHR05	86.682	4490	534	22	1	4465	12955297	12950847	0.0	4920
MqA_CHR08:19350017-19354857	MqA_CHR05	87.982	3836	425	21	1	3811	12922605	12918781	0.0	4497
MqA_CHR08:19350017-19354857	MqA_CHR05	87.852	3836	426	23	1	3811	12897811	12893991	0.0	4466
MqA_CHR08:19350017-19354857	MqA_CHR05	89.159	904	94	4	3795	4696	12918760	12917859	0.0	1123
MqA_CHR08:19350017-19354857	MqA_CHR05	87.662	924	90	12	3795	4696	12893970	12893049	0.0	1053
MqA_CHR08:19350017-19354857	MqA_CHR05	72.698	315	76	9	3784	4093	12982260	12981951	7.39e-18	97.1
MqA_CHR08:19350017-19354857	MqA_CHR05	72.347	311	77	8	3788	4093	13010867	13010561	1.24e-15	89.8
MqA_CHR08:19350017-19354857	MqA_CHR04	86.154	2145	267	19	4	2137	8701535	8699410	0.0	2289
MqA_CHR08:19350017-19354857	MqA_CHR04	77.884	1890	368	40	822	2669	6354828	6356709	0.0	1129
MqA_CHR08:19350017-19354857	MqA_CHR04	80.444	1217	199	17	2171	3384	8699319	8698139	0.0	893
MqA_CHR08:19350017-19354857	MqA_CHR04	81.818	957	153	9	3441	4382	8698139	8697189	0.0	784
MqA_CHR08:19350017-19354857	MqA_CHR04	83.528	686	101	12	4160	4839	8697275	8696596	1.64e-178	630
MqA_CHR08:19350017-19354857	MqA_CHR04	78.327	263	39	16	3840	4093	8698004	8697751	4.32e-35	154
MqA_CHR08:19350017-19354857	MqA_CHR04	84.722	72	11	0	1876	1947	988810	988739	1.25e-10	73.1
MqA_CHR08:19350017-19354857	MqA_CHR03	88.235	51	6	0	196	246	22130991	22131041	2.70e-07	62.1
MqA_CHR08:19350017-19354857	MqB_CHR08	94.159	4862	243	11	1	4841	20217653	20222494	0.0	7367
MqA_CHR08:19350017-19354857	MqB_CHR08	91.700	4819	381	7	1	4806	20090624	20095436	0.0	6665
MqA_CHR08:19350017-19354857	MqB_CHR08	87.668	4006	460	20	405	4390	19977401	19981392	0.0	4630
MqA_CHR08:19350017-19354857	MqB_CHR08	87.405	3430	385	30	1	3416	20165390	20168786	0.0	3897
MqA_CHR08:19350017-19354857	MqB_CHR08	84.532	3394	466	42	1	3356	19994258	19997630	0.0	3304
MqA_CHR08:19350017-19354857	MqB_CHR08	86.619	2825	360	15	1	2813	20200373	20203191	0.0	3107
MqA_CHR08:19350017-19354857	MqB_CHR08	89.341	2139	223	5	1	2137	19807406	19809541	0.0	2682
MqA_CHR08:19350017-19354857	MqB_CHR08	88.873	2139	232	6	1	2137	19827882	19830016	0.0	2627
MqA_CHR08:19350017-19354857	MqB_CHR08	85.611	2349	317	18	1	2337	20029093	20031432	0.0	2446
MqA_CHR08:19350017-19354857	MqB_CHR08	88.324	1122	123	8	1	1116	20051092	20052211	0.0	1339
MqA_CHR08:19350017-19354857	MqB_CHR08	85.197	1216	142	13	2660	3859	20031930	20033123	0.0	1214
MqA_CHR08:19350017-19354857	MqB_CHR08	84.091	1276	184	14	1067	2337	20052210	20053471	0.0	1214
MqA_CHR08:19350017-19354857	MqB_CHR08	74.888	2891	598	95	43	2886	20181486	20184295	0.0	1199
MqA_CHR08:19350017-19354857	MqB_CHR08	84.824	1219	141	18	2660	3859	20053969	20055162	0.0	1186
MqA_CHR08:19350017-19354857	MqB_CHR08	84.786	1216	147	13	2660	3859	20203176	20204369	0.0	1186
MqA_CHR08:19350017-19354857	MqB_CHR08	76.994	2056	394	59	1	2038	20079196	20081190	0.0	1103
MqA_CHR08:19350017-19354857	MqB_CHR08	82.228	1221	195	18	2151	3356	19830063	19831276	0.0	1033
MqA_CHR08:19350017-19354857	MqB_CHR08	81.419	1254	205	22	2151	3386	19809585	19810828	0.0	1000
MqA_CHR08:19350017-19354857	MqB_CHR08	82.536	962	154	5	3441	4389	19831304	19832264	0.0	833
MqA_CHR08:19350017-19354857	MqB_CHR08	78.477	1287	255	21	761	2038	20135877	20137150	0.0	822
MqA_CHR08:19350017-19354857	MqB_CHR08	81.866	954	155	8	3451	4389	19810836	19811786	0.0	787
MqA_CHR08:19350017-19354857	MqB_CHR08	88.110	656	76	2	4185	4839	20033119	20033773	0.0	778
MqA_CHR08:19350017-19354857	MqB_CHR08	87.652	656	79	2	4185	4839	20055158	20055812	0.0	761
MqA_CHR08:19350017-19354857	MqB_CHR08	87.195	656	82	2	4185	4839	20204365	20205019	0.0	745
MqA_CHR08:19350017-19354857	MqB_CHR08	92.050	478	33	5	1	475	19976924	19977399	0.0	667
MqA_CHR08:19350017-19354857	MqB_CHR08	82.258	682	109	4	4160	4841	19832170	19832839	6.07e-163	579
MqA_CHR08:19350017-19354857	MqB_CHR08	85.684	475	67	1	2340	2813	20053510	20053984	4.86e-139	499
MqA_CHR08:19350017-19354857	MqB_CHR08	85.474	475	68	1	2340	2813	20031471	20031945	2.26e-137	494
MqA_CHR08:19350017-19354857	MqB_CHR08	87.376	404	49	2	4291	4693	20169550	20169952	6.38e-128	462
MqA_CHR08:19350017-19354857	MqB_CHR08	86.967	399	50	2	4291	4688	20169253	20169650	1.79e-123	448
MqA_CHR08:19350017-19354857	MqB_CHR08	82.965	452	74	3	4291	4741	20169847	20170296	1.09e-110	405
MqA_CHR08:19350017-19354857	MqB_CHR08	75.235	319	73	6	3777	4093	19831379	19831693	7.30e-33	147
MqA_CHR08:19350017-19354857	MqB_CHR08	90.625	96	9	0	3903	3998	19832601	19832696	2.64e-27	128
MqA_CHR08:19350017-19354857	MqB_CHR08	74.503	302	69	8	3788	4085	20054815	20055112	3.42e-26	124
MqA_CHR08:19350017-19354857	MqB_CHR08	74.503	302	69	8	3788	4085	20204022	20204319	3.42e-26	124
MqA_CHR08:19350017-19354857	MqB_CHR08	73.510	302	72	8	3788	4085	20032776	20033073	3.44e-21	108
MqA_CHR08:19350017-19354857	MqB_CHR08	81.739	115	19	2	3891	4004	20239117	20239230	2.68e-17	95.3
MqA_CHR08:19350017-19354857	MqB_CHR08	75.500	200	41	8	3890	4085	19980616	19980811	3.47e-16	91.6
MqA_CHR08:19350017-19354857	MqB_CHR05	87.236	4544	537	24	1	4514	15113921	15109391	0.0	5138
MqA_CHR08:19350017-19354857	MqB_CHR05	87.230	4440	522	28	1	4414	15044152	15039732	0.0	5016
MqA_CHR08:19350017-19354857	MqB_CHR05	87.406	4407	485	33	1	4382	15018227	15013866	0.0	5000
MqA_CHR08:19350017-19354857	MqB_CHR05	87.974	4091	450	23	1	4064	15132319	15128244	0.0	4791
MqA_CHR08:19350017-19354857	MqB_CHR05	87.303	2977	360	12	1	2967	15078177	15075209	0.0	3387
MqA_CHR08:19350017-19354857	MqB_CHR05	88.675	1766	196	4	1	1763	14997808	14996044	0.0	2150
MqA_CHR08:19350017-19354857	MqB_CHR05	86.787	1877	208	20	1960	3811	14996035	14994174	0.0	2056
MqA_CHR08:19350017-19354857	MqB_CHR05	86.419	1642	168	26	3072	4693	15075169	15073563	0.0	1746
MqA_CHR08:19350017-19354857	MqB_CHR05	89.252	735	78	1	3973	4706	14994007	14993273	0.0	918
MqA_CHR08:19350017-19354857	MqB_CHR05	86.216	740	94	7	4103	4839	15013575	15012841	0.0	795
MqA_CHR08:19350017-19354857	MqB_CHR05	88.316	659	65	3	4184	4841	15038531	15037884	0.0	780
MqA_CHR08:19350017-19354857	MqB_CHR05	87.312	599	68	8	4103	4697	15126621	15126027	0.0	678
MqA_CHR08:19350017-19354857	MqB_CHR05	89.824	511	50	2	4184	4693	15072574	15072065	0.0	654
MqA_CHR08:19350017-19354857	MqB_CHR05	86.288	598	78	4	4103	4698	15039476	15038881	0.0	647
MqA_CHR08:19350017-19354857	MqB_CHR05	85.974	606	76	9	4103	4703	15127053	15126452	0.0	640
MqA_CHR08:19350017-19354857	MqB_CHR05	87.684	544	66	1	4161	4703	15039850	15039307	4.60e-179	632
MqA_CHR08:19350017-19354857	MqB_CHR05	88.867	512	53	4	4184	4693	15038963	15038454	2.14e-177	627
MqA_CHR08:19350017-19354857	MqB_CHR05	87.931	522	55	4	4184	4703	15073001	15072486	7.75e-172	608
MqA_CHR08:19350017-19354857	MqB_CHR05	88.446	502	56	2	4184	4684	15127404	15126904	1.00e-170	604
MqA_CHR08:19350017-19354857	MqB_CHR05	91.259	286	25	0	4408	4693	15128233	15127948	3.05e-106	390
MqA_CHR08:19350017-19354857	MqB_CHR05	83.747	363	55	4	4103	4463	14993445	14993085	3.12e-91	340
MqA_CHR08:19350017-19354857	MqB_CHR05	88.506	174	19	1	4520	4693	15073528	15073356	9.18e-52	209
MqA_CHR08:19350017-19354857	MqB_CHR05	87.931	174	20	1	4520	4693	15127913	15127741	4.27e-50	204
MqA_CHR08:19350017-19354857	MqB_CHR05	87.429	175	19	3	4520	4693	15127499	15127327	1.99e-48	198
MqA_CHR08:19350017-19354857	MqB_CHR05	86.207	174	23	1	4520	4693	15127706	15127534	4.30e-45	187
MqA_CHR08:19350017-19354857	MqB_CHR05	74.522	314	65	12	3788	4093	15128796	15128490	1.23e-25	122
MqA_CHR08:19350017-19354857	MqB_CHR05	74.204	314	66	13	3788	4093	15040634	15040328	5.72e-24	117
MqA_CHR08:19350017-19354857	MqB_CHR05	73.955	311	72	8	3788	4093	15110393	15110087	5.72e-24	117
MqA_CHR08:19350017-19354857	MqB_CHR05	72.756	312	74	10	3788	4093	15014736	15014430	2.68e-17	95.3
MqA_CHR08:19350017-19354857	MqB_CHR04	85.947	2149	266	24	4	2137	8654429	8652302	0.0	2263
MqA_CHR08:19350017-19354857	MqB_CHR04	77.884	1890	368	40	822	2669	6269600	6271481	0.0	1129
MqA_CHR08:19350017-19354857	MqB_CHR04	79.984	1219	202	21	2171	3384	8652210	8651029	0.0	861
MqA_CHR08:19350017-19354857	MqB_CHR04	81.818	957	154	8	3441	4382	8651029	8650078	0.0	785
MqA_CHR08:19350017-19354857	MqB_CHR04	83.358	685	103	11	4160	4839	8650164	8649486	2.77e-176	623
MqA_CHR08:19350017-19354857	MqB_CHR04	77.186	263	42	15	3840	4093	8650894	8650641	4.39e-30	137
MqA_CHR08:19350017-19354857	MqB_CHR04	81.818	88	14	2	1876	1962	3275247	3275161	1.26e-10	73.1
MqA_CHR08:19350017-19354857	MqB_CHR03	88.235	51	6	0	196	246	21923709	21923759	2.72e-07	62.1
