MqA_CHR08:19342250-19342900	MqA_CHR08	100.000	651	0	0	1	651	19342250	19342900	0.0	1203
MqA_CHR08:19342250-19342900	MqA_CHR08	98.464	651	10	0	1	651	4101515	4100865	0.0	1147
MqA_CHR08:19342250-19342900	MqA_CHR08	96.605	648	22	0	1	648	3744267	3744914	0.0	1075
MqA_CHR08:19342250-19342900	MqA_CHR08	96.605	648	22	0	1	648	12483725	12484372	0.0	1075
MqA_CHR08:19342250-19342900	MqA_CHR08	93.210	648	43	1	1	648	14301775	14302421	0.0	952
MqA_CHR08:19342250-19342900	MqA_CHR08	89.891	643	41	11	1	643	13599682	13600300	0.0	806
MqA_CHR08:19342250-19342900	MqA_CHR08	83.178	642	85	10	1	626	16068455	16067821	6.08e-160	566
MqA_CHR08:19342250-19342900	MqA_CHR05	98.618	651	9	0	1	651	18409618	18408968	0.0	1153
MqA_CHR08:19342250-19342900	MqA_CHR05	96.774	651	21	0	1	651	17858877	17858227	0.0	1086
MqA_CHR08:19342250-19342900	MqA_CHR05	90.024	421	42	0	228	648	21285172	21285592	7.92e-154	545
MqA_CHR08:19342250-19342900	MqA_CHR06	98.302	648	11	0	1	648	21719268	21719915	0.0	1136
MqA_CHR08:19342250-19342900	MqA_CHR06	94.753	648	34	0	1	648	21838078	21838725	0.0	1009
MqA_CHR08:19342250-19342900	MqA_CHR06	88.226	654	72	5	1	651	14000770	14000119	0.0	776
MqA_CHR08:19342250-19342900	MqA_CHR06	87.698	252	31	0	1	252	5495401	5495150	3.17e-78	294
MqA_CHR08:19342250-19342900	MqA_CHR04	98.003	651	13	0	1	651	4775674	4775024	0.0	1131
MqA_CHR08:19342250-19342900	MqA_CHR04	97.068	648	19	0	1	648	6258064	6258711	0.0	1092
MqA_CHR08:19342250-19342900	MqA_CHR04	96.296	648	24	0	1	648	9444624	9445271	0.0	1064
MqA_CHR08:19342250-19342900	MqA_CHR01	97.542	651	16	0	1	651	10448192	10447542	0.0	1114
MqA_CHR08:19342250-19342900	MqA_CHR01	86.963	652	83	2	1	651	11470940	11470290	0.0	732
MqA_CHR08:19342250-19342900	MqA_CHR01	80.183	328	62	3	294	619	16246201	16245875	1.16e-62	243
MqA_CHR08:19342250-19342900	MqA_CHR03	96.774	651	21	0	1	651	5741974	5741324	0.0	1086
MqA_CHR08:19342250-19342900	MqA_CHR03	96.914	648	20	0	1	648	8240875	8241522	0.0	1086
MqA_CHR08:19342250-19342900	MqA_CHR03	95.370	648	30	0	1	648	13090200	13090847	0.0	1031
MqA_CHR08:19342250-19342900	MqA_CHR03	93.252	652	42	2	1	651	8741300	8740650	0.0	959
MqA_CHR08:19342250-19342900	MqA_CHR03	81.077	650	117	6	1	648	13287155	13287800	2.23e-144	514
MqA_CHR08:19342250-19342900	MqA_CHR10	96.605	648	22	0	1	648	19675818	19676465	0.0	1075
MqA_CHR08:19342250-19342900	MqA_CHR10	96.296	648	24	0	1	648	12239610	12240257	0.0	1064
MqA_CHR08:19342250-19342900	MqA_CHR10	85.957	648	91	0	1	648	11876924	11877571	0.0	693
MqA_CHR08:19342250-19342900	MqA_CHR10	84.664	639	71	9	14	651	12126154	12125542	7.69e-174	612
MqA_CHR08:19342250-19342900	MqA_CHR10	87.160	514	66	0	138	651	8860421	8859908	1.68e-165	584
MqA_CHR08:19342250-19342900	MqA_CHR10	93.624	298	18	1	21	318	12531583	12531879	2.97e-123	444
MqA_CHR08:19342250-19342900	MqA_CHR10	91.148	305	26	1	344	648	12531866	12532169	8.38e-114	412
MqA_CHR08:19342250-19342900	MqA_CHR11	96.605	648	22	0	1	648	19062034	19062681	0.0	1075
MqA_CHR08:19342250-19342900	MqA_CHR11	80.000	655	123	7	1	651	9774383	9773733	2.93e-133	477
MqA_CHR08:19342250-19342900	MqA_CHR09	94.172	652	35	3	1	651	14760673	14760024	0.0	990
MqA_CHR08:19342250-19342900	MqA_CHR09	91.512	648	46	2	1	648	14808769	14808131	0.0	883
MqA_CHR08:19342250-19342900	MqA_CHR09	91.429	140	12	0	1	140	13067007	13067146	1.19e-47	193
MqA_CHR08:19342250-19342900	MqA_CHR02	93.953	645	39	0	3	647	8486299	8485655	0.0	976
MqA_CHR08:19342250-19342900	MqA_CHR02	92.604	649	46	2	1	648	8592602	8593249	0.0	931
MqA_CHR08:19342250-19342900	MqA_CHR02	89.831	649	61	4	1	648	6424638	6425282	0.0	828
MqA_CHR08:19342250-19342900	MqA_CHR02	89.538	650	40	9	1	648	5546705	5547328	0.0	798
MqA_CHR08:19342250-19342900	MqA_CHR02	81.138	334	63	0	1	334	5764480	5764147	1.92e-70	268
MqA_CHR08:19342250-19342900	MqA_CHR07	92.320	651	50	0	1	651	11538022	11537372	0.0	926
MqA_CHR08:19342250-19342900	MqA_CTG004	91.358	648	42	1	1	648	184154	184787	0.0	874
MqA_CHR08:19342250-19342900	MqA_CTG007	84.639	651	97	2	1	651	413939	413292	0.0	645
MqA_CHR08:19342250-19342900	MqB_CHR05	98.618	651	9	0	1	651	20235066	20234416	0.0	1153
MqA_CHR08:19342250-19342900	MqB_CHR05	92.438	648	49	0	1	648	5604768	5604121	0.0	926
MqA_CHR08:19342250-19342900	MqB_CHR05	84.178	651	100	2	1	651	12975815	12975168	7.71e-179	628
MqA_CHR08:19342250-19342900	MqB_CHR05	90.024	421	42	0	228	648	24023783	24024203	7.99e-154	545
MqA_CHR08:19342250-19342900	MqB_CHR08	98.464	651	10	0	1	651	4038477	4037827	0.0	1147
MqA_CHR08:19342250-19342900	MqB_CHR08	96.774	651	21	0	1	651	13159121	13158471	0.0	1086
MqA_CHR08:19342250-19342900	MqB_CHR08	96.605	648	22	0	1	648	12226151	12226798	0.0	1075
MqA_CHR08:19342250-19342900	MqB_CHR08	96.451	648	23	0	1	648	3682783	3683430	0.0	1070
MqA_CHR08:19342250-19342900	MqB_CHR08	93.210	648	43	1	1	648	14784966	14785612	0.0	952
MqA_CHR08:19342250-19342900	MqB_CHR08	90.202	643	39	11	1	643	13354985	13355603	0.0	817
MqA_CHR08:19342250-19342900	MqB_CHR08	83.333	642	84	10	1	626	16477141	16476507	1.32e-161	571
MqA_CHR08:19342250-19342900	MqB_CHR01	97.542	651	16	0	1	651	10255576	10254926	0.0	1114
MqA_CHR08:19342250-19342900	MqB_CHR01	86.963	652	83	2	1	651	11293465	11292815	0.0	732
MqA_CHR08:19342250-19342900	MqB_CHR01	80.183	328	62	3	294	619	15997399	15997073	1.17e-62	243
MqA_CHR08:19342250-19342900	MqB_CHR02	97.222	648	18	0	1	648	6381572	6382219	0.0	1098
MqA_CHR08:19342250-19342900	MqB_CHR02	88.922	677	45	14	1	648	8557701	8558376	0.0	808
MqA_CHR08:19342250-19342900	MqB_CHR04	97.068	648	19	0	1	648	6172833	6173480	0.0	1092
MqA_CHR08:19342250-19342900	MqB_CHR04	96.142	648	25	0	1	648	9368921	9369568	0.0	1059
MqA_CHR08:19342250-19342900	MqB_CHR11	96.914	648	20	0	1	648	19196008	19196655	0.0	1086
MqA_CHR08:19342250-19342900	MqB_CHR11	80.153	655	122	7	1	651	9837817	9837167	6.35e-135	483
MqA_CHR08:19342250-19342900	MqB_CHR03	96.774	651	21	0	1	651	5715780	5715130	0.0	1086
MqA_CHR08:19342250-19342900	MqB_CHR03	95.370	648	30	0	1	648	12703951	12704598	0.0	1031
MqA_CHR08:19342250-19342900	MqB_CHR03	95.216	648	24	1	1	648	19426259	19426899	0.0	1018
MqA_CHR08:19342250-19342900	MqB_CHR03	93.252	652	42	2	1	651	8314702	8314052	0.0	959
MqA_CHR08:19342250-19342900	MqB_CHR03	80.923	650	118	6	1	648	12900868	12901513	1.05e-142	508
MqA_CHR08:19342250-19342900	MqB_CHR10	96.296	648	24	0	1	648	12343154	12343801	0.0	1064
MqA_CHR08:19342250-19342900	MqB_CHR10	85.802	648	92	0	1	648	11987366	11988013	0.0	688
MqA_CHR08:19342250-19342900	MqB_CHR10	86.965	514	67	0	138	651	8939192	8938679	7.88e-164	579
MqA_CHR08:19342250-19342900	MqB_CHR06	94.753	648	34	0	1	648	23358126	23358773	0.0	1009
MqA_CHR08:19342250-19342900	MqB_CHR06	88.379	654	71	5	1	651	14199008	14198357	0.0	782
MqA_CHR08:19342250-19342900	MqB_CHR07	94.624	651	34	1	1	651	4162314	4161665	0.0	1007
MqA_CHR08:19342250-19342900	MqB_CHR07	92.320	651	50	0	1	651	10614511	10613861	0.0	926
MqA_CHR08:19342250-19342900	MqB_CHR09	92.627	651	47	1	1	651	14703904	14703255	0.0	935
MqA_CHR08:19342250-19342900	MqB_CHR09	83.742	652	105	1	1	651	11328045	11328696	6.00e-175	616
MqA_CHR08:19342250-19342900	MqB_CHR09	90.714	140	13	0	1	140	12994755	12994894	5.58e-46	187
MqA_CHR08:19342250-19342900	MqB_CTG006	91.358	648	42	1	1	648	359528	360161	0.0	874
