MqA_CHR08:19333739-19337973	MqA_CHR08	100.000	4235	0	0	1	4235	19333739	19337973	0.0	7821
MqA_CHR08:19333739-19337973	MqA_CHR08	93.812	4234	248	8	1	4233	19511266	19515486	0.0	6355
MqA_CHR08:19333739-19337973	MqA_CHR08	74.504	4079	838	132	2	3960	19447206	19451202	0.0	1585
MqA_CHR08:19333739-19337973	MqA_CHR08	76.698	2841	548	84	2	2768	19080075	19082875	0.0	1474
MqA_CHR08:19333739-19337973	MqA_CHR08	76.471	2788	549	76	2	2721	19064142	19066890	0.0	1415
MqA_CHR08:19333739-19337973	MqA_CHR08	78.855	2114	392	40	1	2097	19310990	19313065	0.0	1376
MqA_CHR08:19333739-19337973	MqA_CHR08	77.715	2118	416	43	14	2097	19320032	19322127	0.0	1245
MqA_CHR08:19333739-19337973	MqA_CHR08	75.067	2234	462	63	2	2176	19404867	19407064	0.0	952
MqA_CHR08:19333739-19337973	MqA_CHR08	77.412	1337	270	29	777	2097	19224225	19225545	0.0	767
MqA_CHR08:19333739-19337973	MqA_CHR08	76.625	1446	292	37	777	2208	19243872	19245285	0.0	756
MqA_CHR08:19333739-19337973	MqA_CHR08	75.886	1468	290	51	803	2245	19276023	19277451	0.0	691
MqA_CHR08:19333739-19337973	MqA_CHR08	75.630	1469	292	53	803	2245	19391953	19393381	0.0	669
MqA_CHR08:19333739-19337973	MqA_CHR08	71.678	858	213	21	3039	3878	19407661	19408506	2.21e-52	211
MqA_CHR08:19333739-19337973	MqA_CHR08	72.404	703	160	28	2968	3650	19226237	19226925	8.01e-47	193
MqA_CHR08:19333739-19337973	MqA_CHR08	71.397	902	211	35	3002	3878	19293617	19294496	8.01e-47	193
MqA_CHR08:19333739-19337973	MqA_CHR08	71.469	715	171	24	2968	3666	19245874	19246571	8.12e-37	159
MqA_CHR08:19333739-19337973	MqA_CHR04	79.870	1232	232	14	875	2097	6354825	6356049	0.0	887
MqA_CHR08:19333739-19337973	MqA_CHR05	71.743	998	247	27	2928	3906	12919913	12918932	1.68e-63	248
MqA_CHR08:19333739-19337973	MqA_CHR05	71.943	916	226	25	3008	3906	12895043	12894142	1.01e-60	239
MqA_CHR08:19333739-19337973	MqA_CHR05	72.368	836	185	30	3085	3906	12982912	12982109	1.02e-55	222
MqA_CHR08:19333739-19337973	MqB_CHR08	92.785	4172	273	17	70	4233	20235068	20239219	0.0	6011
MqA_CHR08:19333739-19337973	MqB_CHR08	89.632	4244	403	24	1	4233	20079105	20083322	0.0	5365
MqA_CHR08:19333739-19337973	MqB_CHR08	90.161	3964	362	21	1	3955	20115448	20119392	0.0	5134
MqA_CHR08:19333739-19337973	MqB_CHR08	90.424	3258	261	23	1	3248	20135083	20138299	0.0	4241
MqA_CHR08:19333739-19337973	MqB_CHR08	76.528	2846	542	94	2	2768	19807316	19810114	0.0	1439
MqA_CHR08:19333739-19337973	MqB_CHR08	77.512	2130	424	45	2	2097	20165300	20167408	0.0	1229
MqA_CHR08:19333739-19337973	MqB_CHR08	85.944	996	132	6	3242	4233	20139906	20140897	0.0	1057
MqA_CHR08:19333739-19337973	MqB_CHR08	76.186	2150	406	75	13	2099	20181369	20183475	0.0	1037
MqA_CHR08:19333739-19337973	MqB_CHR08	77.528	1335	272	25	777	2097	19994972	19996292	0.0	778
MqA_CHR08:19333739-19337973	MqB_CHR08	76.585	1341	283	28	773	2097	20201087	20202412	0.0	708
MqA_CHR08:19333739-19337973	MqB_CHR08	79.321	972	189	12	1132	2097	20052218	20053183	0.0	671
MqA_CHR08:19333739-19337973	MqB_CHR08	73.864	968	210	32	2976	3920	20220392	20221339	5.86e-93	346
MqA_CHR08:19333739-19337973	MqB_CHR08	73.124	986	217	37	3002	3960	20093380	20094344	7.69e-82	309
MqA_CHR08:19333739-19337973	MqB_CHR08	72.912	934	214	29	3008	3920	19979761	19980676	3.60e-75	287
MqA_CHR08:19333739-19337973	MqB_CHR08	72.544	743	175	27	2925	3650	20168056	20168786	1.72e-53	215
MqA_CHR08:19333739-19337973	MqB_CHR08	72.665	439	101	13	2968	3395	19997002	19997432	2.31e-27	128
MqA_CHR08:19333739-19337973	MqB_CHR08	76.836	177	39	2	3730	3905	20185241	20185416	1.81e-18	99.0
MqA_CHR08:19333739-19337973	MqB_CHR05	76.648	2154	414	71	5	2095	15114008	15111881	0.0	1109
MqA_CHR08:19333739-19337973	MqB_CHR05	72.897	856	198	30	3085	3920	14995152	14994311	1.69e-68	265
MqA_CHR08:19333739-19337973	MqB_CHR05	72.606	898	209	31	3034	3910	15111123	15110242	2.18e-67	261
MqA_CHR08:19333739-19337973	MqB_CHR05	73.607	682	160	18	3238	3906	15129322	15128648	2.20e-62	244
MqA_CHR08:19333739-19337973	MqB_CHR04	79.870	1232	232	14	875	2097	6269597	6270821	0.0	887
