MqA_CHR08:19366800-19370889	MqA_CHR08	100.000	4090	0	0	1	4090	19366800	19370889	0.0	7553
MqA_CHR08:19366800-19370889	MqA_CHR08	88.978	4110	390	30	1	4087	19223507	19227576	0.0	5022
MqA_CHR08:19366800-19370889	MqA_CHR08	84.153	3496	472	56	1	3456	19350017	19353470	0.0	3312
MqA_CHR08:19366800-19370889	MqA_CHR08	86.852	2297	284	17	43	2331	19243196	19245482	0.0	2553
MqA_CHR08:19366800-19370889	MqA_CHR08	85.021	2350	323	26	1	2331	19290819	19293158	0.0	2362
MqA_CHR08:19366800-19370889	MqA_CHR08	86.347	2146	272	17	1	2133	19080165	19082302	0.0	2320
MqA_CHR08:19366800-19370889	MqA_CHR08	86.207	2146	273	20	1	2133	19064232	19066367	0.0	2302
MqA_CHR08:19366800-19370889	MqA_CHR08	88.536	1762	173	24	2352	4090	19245476	19247231	0.0	2108
MqA_CHR08:19366800-19370889	MqA_CHR08	87.065	1407	154	22	2707	4090	19253312	19254713	0.0	1565
MqA_CHR08:19366800-19370889	MqA_CHR08	85.665	1158	155	8	1	1152	19252154	19253306	0.0	1208
MqA_CHR08:19366800-19370889	MqA_CHR08	74.924	1966	428	49	54	1991	19463450	19465378	0.0	839
MqA_CHR08:19366800-19370889	MqA_CHR08	73.767	2028	454	57	43	2035	19405000	19406984	0.0	726
MqA_CHR08:19366800-19370889	MqA_CHR08	82.066	881	129	18	2600	3456	19293431	19294306	0.0	725
MqA_CHR08:19366800-19370889	MqA_CHR08	83.590	780	109	11	2688	3456	19466188	19466959	0.0	713
MqA_CHR08:19366800-19370889	MqA_CHR08	76.360	1379	277	38	678	2036	19311717	19313066	0.0	695
MqA_CHR08:19366800-19370889	MqA_CHR08	77.681	1035	186	34	2361	3361	19066606	19067629	2.35e-166	590
MqA_CHR08:19366800-19370889	MqA_CHR08	77.193	1026	179	32	2363	3361	19082542	19083539	1.43e-153	547
MqA_CHR08:19366800-19370889	MqA_CHR08	81.069	655	99	16	2791	3426	19407632	19408280	4.07e-139	499
MqA_CHR08:19366800-19370889	MqA_CHR08	85.177	479	68	1	2352	2827	19465711	19466189	8.81e-136	488
MqA_CHR08:19366800-19370889	MqA_CHR08	80.874	549	98	7	3526	4072	19409084	19409627	7.00e-117	425
MqA_CHR08:19366800-19370889	MqA_CHR08	79.745	548	105	6	3526	4071	19490542	19491085	7.10e-107	392
MqA_CHR08:19366800-19370889	MqA_CHR08	81.799	467	81	4	3529	3993	19084430	19084894	9.19e-106	388
MqA_CHR08:19366800-19370889	MqA_CHR08	79.015	548	109	6	3526	4071	19295081	19295624	3.33e-100	370
MqA_CHR08:19366800-19370889	MqA_CHR08	77.663	582	107	10	3494	4071	19480085	19480647	4.37e-89	333
MqA_CHR08:19366800-19370889	MqA_CHR08	78.411	491	98	7	3590	4076	19451367	19451853	5.69e-83	313
MqA_CHR08:19366800-19370889	MqA_CHR08	77.149	477	102	7	3600	4073	19279729	19280201	3.47e-70	270
MqA_CHR08:19366800-19370889	MqA_CHR05	85.323	2337	314	24	13	2332	12922593	12920269	0.0	2388
MqA_CHR08:19366800-19370889	MqA_CHR05	84.839	2335	328	20	13	2332	12955285	12952962	0.0	2327
MqA_CHR08:19366800-19370889	MqA_CHR05	84.691	2332	334	18	13	2332	12897799	12895479	0.0	2307
MqA_CHR08:19366800-19370889	MqA_CHR05	84.582	2335	332	20	13	2332	12985743	12983422	0.0	2292
MqA_CHR08:19366800-19370889	MqA_CHR05	84.579	2341	323	31	13	2332	13014358	13012035	0.0	2289
MqA_CHR08:19366800-19370889	MqA_CHR05	81.210	1107	158	33	2386	3456	12920242	12919150	0.0	846
MqA_CHR08:19366800-19370889	MqA_CHR05	81.178	1036	157	23	2439	3456	12983342	12982327	0.0	798
MqA_CHR08:19366800-19370889	MqA_CHR05	81.007	1053	156	29	2437	3456	12895401	12894360	0.0	797
MqA_CHR08:19366800-19370889	MqA_CHR05	79.982	1089	175	22	2387	3456	12952934	12951870	0.0	763
MqA_CHR08:19366800-19370889	MqA_CHR05	82.826	460	76	3	3538	3996	13010147	13009690	7.05e-112	409
MqA_CHR08:19366800-19370889	MqA_CHR05	76.498	217	43	8	3836	4048	12951472	12951260	2.23e-22	111
MqA_CHR08:19366800-19370889	MqA_CHR05	79.245	159	24	8	3894	4048	12893866	12893713	1.34e-19	102
MqA_CHR08:19366800-19370889	MqA_CHR05	79.245	159	24	8	3894	4048	12918656	12918503	1.34e-19	102
MqA_CHR08:19366800-19370889	MqA_CHR04	83.712	2155	302	32	11	2142	8701528	8699400	0.0	1989
MqA_CHR08:19366800-19370889	MqA_CHR04	80.942	467	76	12	3538	3997	8697204	8696744	2.59e-96	357
MqA_CHR08:19366800-19370889	MqA_CHR04	84.000	75	12	0	1871	1945	988810	988736	1.05e-10	73.1
MqA_CHR08:19366800-19370889	MqB_CHR08	86.443	3371	375	38	43	3364	19994296	19997633	0.0	3618
MqA_CHR08:19366800-19370889	MqB_CHR08	88.219	2835	301	17	1	2827	20200373	20203182	0.0	3354
MqA_CHR08:19366800-19370889	MqB_CHR08	85.174	2853	388	25	1	2827	20029093	20031936	0.0	2892
MqA_CHR08:19366800-19370889	MqB_CHR08	86.325	2340	286	20	1	2331	20165390	20167704	0.0	2518
MqA_CHR08:19366800-19370889	MqB_CHR08	87.413	2145	250	17	1	2133	19807406	19809542	0.0	2447
MqA_CHR08:19366800-19370889	MqB_CHR08	85.635	2346	308	24	1	2332	20090624	20092954	0.0	2438
MqA_CHR08:19366800-19370889	MqB_CHR08	87.080	2144	258	16	1	2133	19827882	19830017	0.0	2407
MqA_CHR08:19366800-19370889	MqB_CHR08	85.959	2222	273	24	1	2209	20217653	20219848	0.0	2338
MqA_CHR08:19366800-19370889	MqB_CHR08	84.330	1940	287	15	403	2332	19977398	19979330	0.0	1882
MqA_CHR08:19366800-19370889	MqB_CHR08	85.947	1779	221	12	1065	2827	20052210	20053975	0.0	1873
MqA_CHR08:19366800-19370889	MqB_CHR08	85.078	1662	221	20	2352	3993	20167698	20169352	0.0	1670
MqA_CHR08:19366800-19370889	MqB_CHR08	87.054	1120	139	5	1	1114	20051092	20052211	0.0	1260
MqA_CHR08:19366800-19370889	MqB_CHR08	82.749	1113	156	22	2371	3456	20220004	20221107	0.0	959
MqA_CHR08:19366800-19370889	MqB_CHR08	83.333	1032	141	20	2449	3456	19979420	19980444	0.0	924
MqA_CHR08:19366800-19370889	MqB_CHR08	82.621	1076	156	20	2372	3424	20092967	20094034	0.0	922
MqA_CHR08:19366800-19370889	MqB_CHR08	83.312	779	113	9	2688	3456	20053974	20054745	0.0	702
MqA_CHR08:19366800-19370889	MqB_CHR08	83.333	780	111	10	2688	3456	20203181	20203952	0.0	702
MqA_CHR08:19366800-19370889	MqB_CHR08	83.205	780	112	8	2688	3456	20031935	20032706	0.0	697
MqA_CHR08:19366800-19370889	MqB_CHR08	76.176	1339	271	38	719	2035	20079880	20081192	0.0	662
MqA_CHR08:19366800-19370889	MqB_CHR08	78.447	1030	185	30	2361	3361	19830255	19831276	0.0	638
MqA_CHR08:19366800-19370889	MqB_CHR08	78.389	1018	187	26	2363	3355	19809783	19810792	1.40e-178	630
MqA_CHR08:19366800-19370889	MqB_CHR08	89.066	503	53	2	3589	4090	19997646	19998147	2.33e-176	623
MqA_CHR08:19366800-19370889	MqB_CHR08	75.793	1293	276	28	760	2035	20135880	20137152	3.02e-175	619
MqA_CHR08:19366800-19370889	MqB_CHR08	88.675	468	48	5	11	475	19976934	19977399	3.99e-159	566
MqA_CHR08:19366800-19370889	MqB_CHR08	86.235	494	60	7	3590	4079	20169840	20170329	5.24e-148	529
MqA_CHR08:19366800-19370889	MqB_CHR08	88.626	422	48	0	3590	4011	20169543	20169964	1.47e-143	514
MqA_CHR08:19366800-19370889	MqB_CHR08	87.624	404	50	0	3590	3993	20169246	20169649	3.22e-130	470
MqA_CHR08:19366800-19370889	MqB_CHR08	81.172	563	95	9	3514	4071	20033142	20033698	7.02e-122	442
MqA_CHR08:19366800-19370889	MqB_CHR08	81.170	547	100	3	3526	4071	20055193	20055737	3.26e-120	436
MqA_CHR08:19366800-19370889	MqB_CHR08	82.803	471	77	4	3529	3997	19811755	19812223	1.18e-114	418
MqA_CHR08:19366800-19370889	MqB_CHR08	82.452	473	81	2	3526	3997	20094850	20095321	5.50e-113	412
MqA_CHR08:19366800-19370889	MqB_CHR08	81.169	462	81	6	3538	3997	19832242	19832699	4.34e-99	366
MqA_CHR08:19366800-19370889	MqB_CHR08	85.714	196	24	4	3887	4080	19981286	19981479	3.60e-50	204
MqA_CHR08:19366800-19370889	MqB_CHR05	85.201	2338	312	25	13	2332	15018215	15015894	0.0	2370
MqA_CHR08:19366800-19370889	MqB_CHR05	84.895	2337	322	24	13	2332	15132307	15129985	0.0	2331
MqA_CHR08:19366800-19370889	MqB_CHR05	84.833	2334	328	21	13	2332	15078165	15075844	0.0	2326
MqA_CHR08:19366800-19370889	MqB_CHR05	84.467	2337	334	21	13	2332	15113909	15111585	0.0	2278
MqA_CHR08:19366800-19370889	MqB_CHR05	84.012	2333	346	17	13	2332	15044140	15041822	0.0	2217
MqA_CHR08:19366800-19370889	MqB_CHR05	86.724	1755	211	19	13	1754	14997796	14996051	0.0	1930
MqA_CHR08:19366800-19370889	MqB_CHR05	81.250	1056	163	21	2430	3456	14995592	14994543	0.0	821
MqA_CHR08:19366800-19370889	MqB_CHR05	80.826	1090	162	28	2386	3456	15015867	15014806	0.0	811
MqA_CHR08:19366800-19370889	MqB_CHR05	80.362	1105	174	24	2386	3456	15111558	15110463	0.0	798
MqA_CHR08:19366800-19370889	MqB_CHR05	80.255	1099	181	22	2387	3456	15129957	15128866	0.0	795
MqA_CHR08:19366800-19370889	MqB_CHR05	80.613	1011	165	22	2437	3424	15041744	15040742	0.0	752
MqA_CHR08:19366800-19370889	MqB_CHR05	80.376	372	62	8	1964	2332	14996026	14995663	9.74e-71	272
MqA_CHR08:19366800-19370889	MqB_CHR05	79.255	376	50	13	3089	3456	15075169	15074814	3.55e-60	237
MqA_CHR08:19366800-19370889	MqB_CHR05	85.443	158	23	0	3538	3695	15039914	15039757	1.70e-38	165
MqA_CHR08:19366800-19370889	MqB_CHR05	80.769	156	28	2	3894	4048	15040248	15040094	3.73e-25	121
MqA_CHR08:19366800-19370889	MqB_CHR05	75.926	216	46	6	3836	4048	15128468	15128256	1.05e-20	106
MqA_CHR08:19366800-19370889	MqB_CHR05	93.478	46	2	1	3894	3938	14994049	14994004	4.93e-09	67.6
MqA_CHR08:19366800-19370889	MqB_CHR04	83.720	2156	296	37	14	2142	8654419	8652292	0.0	1986
MqA_CHR08:19366800-19370889	MqB_CHR04	80.687	466	78	11	3538	3997	8650093	8649634	1.22e-94	351
MqA_CHR08:19366800-19370889	MqB_CHR04	86.111	72	7	3	1871	1941	3275247	3275178	2.95e-11	75.0
