MqA_CHR08:19367151-19368521	MqA_CHR08	100.000	1371	0	0	1	1371	19367151	19368521	0.0	2532
MqA_CHR08:19367151-19368521	MqA_CHR08	90.015	1362	129	6	1	1358	19223858	19225216	0.0	1755
MqA_CHR08:19367151-19368521	MqA_CHR08	88.456	1360	152	5	1	1357	19243505	19244862	0.0	1637
MqA_CHR08:19367151-19368521	MqA_CHR08	86.938	1378	168	11	1	1371	19350368	19351740	0.0	1537
MqA_CHR08:19367151-19368521	MqA_CHR08	87.085	1355	167	7	9	1358	19080525	19081876	0.0	1526
MqA_CHR08:19367151-19368521	MqA_CHR08	86.877	1364	167	12	1	1358	19064584	19065941	0.0	1517
MqA_CHR08:19367151-19368521	MqA_CHR08	84.978	1378	196	11	1	1371	19291170	19292543	0.0	1387
MqA_CHR08:19367151-19368521	MqA_CHR08	85.006	807	114	5	1	801	19252501	19253306	0.0	813
MqA_CHR08:19367151-19368521	MqA_CHR08	76.364	1045	209	29	327	1358	19311717	19312736	6.17e-148	527
MqA_CHR08:19367151-19368521	MqA_CHR08	72.740	1383	313	48	1	1355	19463748	19465094	8.39e-112	407
MqA_CHR08:19367151-19368521	MqA_CHR08	72.041	1377	312	53	1	1346	19405309	19406643	2.40e-92	342
MqA_CHR08:19367151-19368521	MqA_CHR05	85.611	1383	179	18	1	1371	12922254	12920880	0.0	1434
MqA_CHR08:19367151-19368521	MqA_CHR05	85.443	1367	189	10	1	1360	12954946	12953583	0.0	1413
MqA_CHR08:19367151-19368521	MqA_CHR05	85.062	1379	194	12	1	1371	12897460	12896086	0.0	1395
MqA_CHR08:19367151-19368521	MqA_CHR05	84.902	1371	189	15	1	1360	13014019	13012656	0.0	1369
MqA_CHR08:19367151-19368521	MqA_CHR05	84.699	1379	198	13	1	1371	12985404	12984031	0.0	1365
MqA_CHR08:19367151-19368521	MqA_CHR04	84.187	1366	183	20	8	1358	8701181	8699834	0.0	1295
MqA_CHR08:19367151-19368521	MqB_CHR08	88.603	1360	153	1	1	1358	20200724	20202083	0.0	1652
MqA_CHR08:19367151-19368521	MqB_CHR08	88.335	1363	151	8	1	1358	19807757	19809116	0.0	1629
MqA_CHR08:19367151-19368521	MqB_CHR08	87.783	1367	150	13	1	1358	19994605	19995963	0.0	1583
MqA_CHR08:19367151-19368521	MqB_CHR08	87.527	1379	157	12	1	1371	20218004	20219375	0.0	1580
MqA_CHR08:19367151-19368521	MqB_CHR08	87.601	1363	162	6	1	1358	19828233	19829593	0.0	1574
MqA_CHR08:19367151-19368521	MqB_CHR08	86.944	1371	167	10	1	1365	20090975	20092339	0.0	1530
MqA_CHR08:19367151-19368521	MqB_CHR08	87.018	1348	152	12	1	1346	20165741	20167067	0.0	1498
MqA_CHR08:19367151-19368521	MqB_CHR08	85.985	1320	175	9	52	1365	19977398	19978713	0.0	1404
MqA_CHR08:19367151-19368521	MqB_CHR08	84.677	1377	203	7	1	1371	20029444	20030818	0.0	1367
MqA_CHR08:19367151-19368521	MqB_CHR08	86.736	769	96	5	1	763	20051443	20052211	0.0	850
MqA_CHR08:19367151-19368521	MqB_CHR08	84.615	637	96	2	714	1349	20052210	20052845	1.28e-179	632
MqA_CHR08:19367151-19368521	MqB_CHR08	76.253	998	198	32	368	1349	20079880	20080854	6.32e-138	494
MqA_CHR08:19367151-19368521	MqB_CHR08	75.630	952	204	22	409	1349	20135880	20136814	4.99e-124	448
MqA_CHR08:19367151-19368521	MqB_CHR05	85.507	1380	186	13	1	1371	14997457	14996083	0.0	1428
MqA_CHR08:19367151-19368521	MqB_CHR05	85.196	1378	193	11	1	1371	15077826	15076453	0.0	1404
MqA_CHR08:19367151-19368521	MqB_CHR05	85.145	1380	191	14	1	1371	15131968	15130594	0.0	1400
MqA_CHR08:19367151-19368521	MqB_CHR05	85.105	1383	185	18	1	1371	15017876	15016503	0.0	1393
MqA_CHR08:19367151-19368521	MqB_CHR05	84.432	1381	200	13	1	1371	15113570	15112195	0.0	1345
MqA_CHR08:19367151-19368521	MqB_CHR05	83.563	1381	207	14	1	1371	15043801	15042431	0.0	1275
MqA_CHR08:19367151-19368521	MqB_CHR04	83.807	1371	182	25	8	1358	8654075	8652725	0.0	1266
