MqA_CHR08:19350110-19354857	MqA_CHR08	100.000	4748	0	0	1	4748	19350110	19354857	0.0	8769
MqA_CHR08:19350110-19354857	MqA_CHR08	86.396	3352	420	30	1	3333	19223600	19226934	0.0	3631
MqA_CHR08:19350110-19354857	MqA_CHR08	85.792	3322	434	31	28	3337	19243274	19246569	0.0	3485
MqA_CHR08:19350110-19354857	MqA_CHR08	84.043	3403	461	56	1	3361	19366893	19370255	0.0	3201
MqA_CHR08:19350110-19354857	MqA_CHR08	85.788	2505	325	23	1	2487	19290912	19293403	0.0	2625
MqA_CHR08:19350110-19354857	MqA_CHR08	86.816	2283	268	15	2485	4748	19293432	19295700	0.0	2518
MqA_CHR08:19350110-19354857	MqA_CHR08	88.862	2047	219	8	1	2044	19064326	19066366	0.0	2508
MqA_CHR08:19350110-19354857	MqA_CHR08	88.623	2048	224	9	1	2044	19080259	19082301	0.0	2483
MqA_CHR08:19350110-19354857	MqA_CHR08	85.783	2089	259	15	2678	4748	19407634	19409702	0.0	2178
MqA_CHR08:19350110-19354857	MqA_CHR08	85.304	1742	210	21	2567	4288	19466183	19467898	0.0	1757
MqA_CHR08:19350110-19354857	MqA_CHR08	86.197	1065	138	8	1	1061	19252247	19253306	0.0	1144
MqA_CHR08:19350110-19354857	MqA_CHR08	77.483	1963	373	51	1	1945	19511446	19513357	0.0	1112
MqA_CHR08:19350110-19354857	MqA_CHR08	86.865	906	100	8	3844	4746	19479833	19480722	0.0	996
MqA_CHR08:19350110-19354857	MqA_CHR08	89.392	773	80	2	3976	4748	19490391	19491161	0.0	972
MqA_CHR08:19350110-19354857	MqA_CHR08	81.190	1244	196	28	2050	3269	19066406	19067635	0.0	966
MqA_CHR08:19350110-19354857	MqA_CHR08	81.134	1235	188	24	2050	3269	19082341	19083545	0.0	948
MqA_CHR08:19350110-19354857	MqA_CHR08	84.316	746	94	17	2600	3337	19253321	19254051	0.0	708
MqA_CHR08:19350110-19354857	MqA_CHR08	81.818	847	140	4	3474	4307	19083627	19084472	0.0	699
MqA_CHR08:19350110-19354857	MqA_CHR08	84.242	679	101	3	4068	4746	19467813	19468485	0.0	656
MqA_CHR08:19350110-19354857	MqA_CHR08	83.881	670	103	3	2055	2720	19465530	19466198	1.24e-179	634
MqA_CHR08:19350110-19354857	MqA_CHR08	82.258	682	108	2	4067	4748	19068490	19069158	2.12e-162	577
MqA_CHR08:19350110-19354857	MqA_CHR08	81.374	655	106	6	3358	3998	19067667	19068319	3.63e-145	520
MqA_CHR08:19350110-19354857	MqA_CHR08	80.882	680	109	8	4067	4745	19084367	19085026	4.69e-144	516
MqA_CHR08:19350110-19354857	MqA_CHR08	81.783	258	47	0	4039	4296	19068327	19068584	5.33e-54	217
MqA_CHR08:19350110-19354857	MqA_CHR08	73.643	258	67	1	3744	4000	19067789	19068046	2.01e-18	99.0
MqA_CHR08:19350110-19354857	MqA_CHR05	87.847	4641	496	30	1	4613	12985662	12981062	0.0	5384
MqA_CHR08:19350110-19354857	MqA_CHR05	86.783	4638	535	43	1	4603	13014277	13009683	0.0	5097
MqA_CHR08:19350110-19354857	MqA_CHR05	86.627	4397	524	22	1	4372	12955204	12950847	0.0	4804
MqA_CHR08:19350110-19354857	MqA_CHR05	87.924	3743	416	21	1	3718	12922512	12918781	0.0	4375
MqA_CHR08:19350110-19354857	MqA_CHR05	87.844	3743	415	23	1	3718	12897718	12893991	0.0	4355
MqA_CHR08:19350110-19354857	MqA_CHR05	89.159	904	94	4	3702	4603	12918760	12917859	0.0	1123
MqA_CHR08:19350110-19354857	MqA_CHR05	87.662	924	90	12	3702	4603	12893970	12893049	0.0	1053
MqA_CHR08:19350110-19354857	MqA_CHR05	72.698	315	76	9	3691	4000	12982260	12981951	7.25e-18	97.1
MqA_CHR08:19350110-19354857	MqA_CHR05	72.347	311	77	8	3695	4000	13010867	13010561	1.21e-15	89.8
MqA_CHR08:19350110-19354857	MqA_CHR04	86.083	2055	257	18	1	2044	8701446	8699410	0.0	2183
MqA_CHR08:19350110-19354857	MqA_CHR04	77.884	1890	368	40	729	2576	6354828	6356709	0.0	1129
MqA_CHR08:19350110-19354857	MqA_CHR04	80.444	1217	199	17	2078	3291	8699319	8698139	0.0	893
MqA_CHR08:19350110-19354857	MqA_CHR04	81.818	957	153	9	3348	4289	8698139	8697189	0.0	784
MqA_CHR08:19350110-19354857	MqA_CHR04	83.528	686	101	12	4067	4746	8697275	8696596	1.61e-178	630
MqA_CHR08:19350110-19354857	MqA_CHR04	78.327	263	39	16	3747	4000	8698004	8697751	4.24e-35	154
MqA_CHR08:19350110-19354857	MqA_CHR04	84.722	72	11	0	1783	1854	988810	988739	1.22e-10	73.1
MqA_CHR08:19350110-19354857	MqA_CHR03	88.235	51	6	0	103	153	22130991	22131041	2.64e-07	62.1
MqA_CHR08:19350110-19354857	MqB_CHR08	94.192	4769	236	11	1	4748	20217746	20222494	0.0	7234
MqA_CHR08:19350110-19354857	MqB_CHR08	91.579	4726	379	7	1	4713	20090717	20095436	0.0	6505
MqA_CHR08:19350110-19354857	MqB_CHR08	87.668	4006	460	20	312	4297	19977401	19981392	0.0	4630
MqA_CHR08:19350110-19354857	MqB_CHR08	87.504	3337	370	30	1	3323	20165483	20168786	0.0	3808
MqA_CHR08:19350110-19354857	MqB_CHR08	85.151	3273	433	37	28	3263	19994374	19997630	0.0	3302
MqA_CHR08:19350110-19354857	MqB_CHR08	86.384	2732	354	15	1	2720	20200466	20203191	0.0	2968
MqA_CHR08:19350110-19354857	MqB_CHR08	89.150	2046	217	5	1	2044	19807499	19809541	0.0	2543
MqA_CHR08:19350110-19354857	MqB_CHR08	88.661	2046	226	6	1	2044	19827975	19830016	0.0	2488
MqA_CHR08:19350110-19354857	MqB_CHR08	85.638	2256	303	18	1	2244	20029186	20031432	0.0	2351
MqA_CHR08:19350110-19354857	MqB_CHR08	88.921	1029	106	8	1	1023	20051185	20052211	0.0	1262
MqA_CHR08:19350110-19354857	MqB_CHR08	85.197	1216	142	13	2567	3766	20031930	20033123	0.0	1214
MqA_CHR08:19350110-19354857	MqB_CHR08	84.091	1276	184	14	974	2244	20052210	20053471	0.0	1214
MqA_CHR08:19350110-19354857	MqB_CHR08	75.009	2825	579	94	15	2793	20181552	20184295	0.0	1188
MqA_CHR08:19350110-19354857	MqB_CHR08	84.824	1219	141	18	2567	3766	20053969	20055162	0.0	1186
MqA_CHR08:19350110-19354857	MqB_CHR08	84.786	1216	147	13	2567	3766	20203176	20204369	0.0	1186
MqA_CHR08:19350110-19354857	MqB_CHR08	77.002	1961	380	52	1	1945	20079285	20081190	0.0	1057
MqA_CHR08:19350110-19354857	MqB_CHR08	82.228	1221	195	18	2058	3263	19830063	19831276	0.0	1033
MqA_CHR08:19350110-19354857	MqB_CHR08	81.419	1254	205	22	2058	3293	19809585	19810828	0.0	1000
MqA_CHR08:19350110-19354857	MqB_CHR08	82.536	962	154	5	3348	4296	19831304	19832264	0.0	833
MqA_CHR08:19350110-19354857	MqB_CHR08	78.477	1287	255	21	668	1945	20135877	20137150	0.0	822
MqA_CHR08:19350110-19354857	MqB_CHR08	81.866	954	155	8	3358	4296	19810836	19811786	0.0	787
MqA_CHR08:19350110-19354857	MqB_CHR08	88.110	656	76	2	4092	4746	20033119	20033773	0.0	778
MqA_CHR08:19350110-19354857	MqB_CHR08	87.652	656	79	2	4092	4746	20055158	20055812	0.0	761
MqA_CHR08:19350110-19354857	MqB_CHR08	87.195	656	82	2	4092	4746	20204365	20205019	0.0	745
MqA_CHR08:19350110-19354857	MqB_CHR08	82.258	682	109	4	4067	4748	19832170	19832839	5.96e-163	579
MqA_CHR08:19350110-19354857	MqB_CHR08	93.194	382	25	1	1	382	19977019	19977399	2.16e-157	560
MqA_CHR08:19350110-19354857	MqB_CHR08	85.684	475	67	1	2247	2720	20053510	20053984	4.77e-139	499
MqA_CHR08:19350110-19354857	MqB_CHR08	85.474	475	68	1	2247	2720	20031471	20031945	2.22e-137	494
MqA_CHR08:19350110-19354857	MqB_CHR08	87.376	404	49	2	4198	4600	20169550	20169952	6.26e-128	462
MqA_CHR08:19350110-19354857	MqB_CHR08	86.967	399	50	2	4198	4595	20169253	20169650	1.75e-123	448
MqA_CHR08:19350110-19354857	MqB_CHR08	82.965	452	74	3	4198	4648	20169847	20170296	1.07e-110	405
MqA_CHR08:19350110-19354857	MqB_CHR08	75.235	319	73	6	3684	4000	19831379	19831693	7.16e-33	147
MqA_CHR08:19350110-19354857	MqB_CHR08	90.625	96	9	0	3810	3905	19832601	19832696	2.59e-27	128
MqA_CHR08:19350110-19354857	MqB_CHR08	74.503	302	69	8	3695	3992	20054815	20055112	3.35e-26	124
MqA_CHR08:19350110-19354857	MqB_CHR08	74.503	302	69	8	3695	3992	20204022	20204319	3.35e-26	124
MqA_CHR08:19350110-19354857	MqB_CHR08	73.510	302	72	8	3695	3992	20032776	20033073	3.38e-21	108
MqA_CHR08:19350110-19354857	MqB_CHR08	81.739	115	19	2	3798	3911	20239117	20239230	2.63e-17	95.3
MqA_CHR08:19350110-19354857	MqB_CHR08	75.500	200	41	8	3797	3992	19980616	19980811	3.40e-16	91.6
MqA_CHR08:19350110-19354857	MqB_CHR05	87.194	4451	527	24	1	4421	15113828	15109391	0.0	5022
MqA_CHR08:19350110-19354857	MqB_CHR05	87.187	4347	512	28	1	4321	15044059	15039732	0.0	4900
MqA_CHR08:19350110-19354857	MqB_CHR05	87.320	4314	477	33	1	4289	15018134	15013866	0.0	4872
MqA_CHR08:19350110-19354857	MqB_CHR05	87.994	3998	438	23	1	3971	15132226	15128244	0.0	4686
MqA_CHR08:19350110-19354857	MqB_CHR05	87.309	2884	348	12	1	2874	15078084	15075209	0.0	3282
MqA_CHR08:19350110-19354857	MqB_CHR05	86.787	1877	208	20	1867	3718	14996035	14994174	0.0	2056
MqA_CHR08:19350110-19354857	MqB_CHR05	88.583	1673	187	4	1	1670	14997715	14996044	0.0	2028
MqA_CHR08:19350110-19354857	MqB_CHR05	86.419	1642	168	26	2979	4600	15075169	15073563	0.0	1746
MqA_CHR08:19350110-19354857	MqB_CHR05	89.252	735	78	1	3880	4613	14994007	14993273	0.0	918
MqA_CHR08:19350110-19354857	MqB_CHR05	86.216	740	94	7	4010	4746	15013575	15012841	0.0	795
MqA_CHR08:19350110-19354857	MqB_CHR05	88.316	659	65	3	4091	4748	15038531	15037884	0.0	780
MqA_CHR08:19350110-19354857	MqB_CHR05	87.312	599	68	8	4010	4604	15126621	15126027	0.0	678
MqA_CHR08:19350110-19354857	MqB_CHR05	89.824	511	50	2	4091	4600	15072574	15072065	0.0	654
MqA_CHR08:19350110-19354857	MqB_CHR05	86.288	598	78	4	4010	4605	15039476	15038881	0.0	647
MqA_CHR08:19350110-19354857	MqB_CHR05	85.974	606	76	9	4010	4610	15127053	15126452	0.0	640
MqA_CHR08:19350110-19354857	MqB_CHR05	87.684	544	66	1	4068	4610	15039850	15039307	4.51e-179	632
MqA_CHR08:19350110-19354857	MqB_CHR05	88.867	512	53	4	4091	4600	15038963	15038454	2.10e-177	627
MqA_CHR08:19350110-19354857	MqB_CHR05	87.931	522	55	4	4091	4610	15073001	15072486	7.60e-172	608
MqA_CHR08:19350110-19354857	MqB_CHR05	88.446	502	56	2	4091	4591	15127404	15126904	9.83e-171	604
MqA_CHR08:19350110-19354857	MqB_CHR05	91.259	286	25	0	4315	4600	15128233	15127948	3.00e-106	390
MqA_CHR08:19350110-19354857	MqB_CHR05	83.747	363	55	4	4010	4370	14993445	14993085	3.06e-91	340
MqA_CHR08:19350110-19354857	MqB_CHR05	88.506	174	19	1	4427	4600	15073528	15073356	9.00e-52	209
MqA_CHR08:19350110-19354857	MqB_CHR05	87.931	174	20	1	4427	4600	15127913	15127741	4.19e-50	204
MqA_CHR08:19350110-19354857	MqB_CHR05	87.429	175	19	3	4427	4600	15127499	15127327	1.95e-48	198
MqA_CHR08:19350110-19354857	MqB_CHR05	86.207	174	23	1	4427	4600	15127706	15127534	4.22e-45	187
MqA_CHR08:19350110-19354857	MqB_CHR05	74.522	314	65	12	3695	4000	15128796	15128490	1.21e-25	122
MqA_CHR08:19350110-19354857	MqB_CHR05	74.204	314	66	13	3695	4000	15040634	15040328	5.61e-24	117
MqA_CHR08:19350110-19354857	MqB_CHR05	73.955	311	72	8	3695	4000	15110393	15110087	5.61e-24	117
MqA_CHR08:19350110-19354857	MqB_CHR05	72.756	312	74	10	3695	4000	15014736	15014430	2.63e-17	95.3
MqA_CHR08:19350110-19354857	MqB_CHR04	85.867	2059	256	23	1	2044	8654340	8652302	0.0	2158
MqA_CHR08:19350110-19354857	MqB_CHR04	77.884	1890	368	40	729	2576	6269600	6271481	0.0	1129
MqA_CHR08:19350110-19354857	MqB_CHR04	79.984	1219	202	21	2078	3291	8652210	8651029	0.0	861
MqA_CHR08:19350110-19354857	MqB_CHR04	81.818	957	154	8	3348	4289	8651029	8650078	0.0	785
MqA_CHR08:19350110-19354857	MqB_CHR04	83.358	685	103	11	4067	4746	8650164	8649486	2.71e-176	623
MqA_CHR08:19350110-19354857	MqB_CHR04	77.186	263	42	15	3747	4000	8650894	8650641	4.31e-30	137
MqA_CHR08:19350110-19354857	MqB_CHR04	81.818	88	14	2	1783	1869	3275247	3275161	1.23e-10	73.1
MqA_CHR08:19350110-19354857	MqB_CHR03	88.235	51	6	0	103	153	21923709	21923759	2.67e-07	62.1
