0.424447,0.416397,0.290573,0.320799,0.468521,0.416964,0.437181,0.375752,0.299721,0.391443,0.495786,0.322138,0.355667,0.45452,0.46963,0.431707,0.461743,0.493541,0.434739,0.420863	0.351431,0.35934,0.2679,0.288772,0.34804,0.376959,0.353782,0.331394,0.293841,0.286846,0.372964,0.279937,0.272425,0.364978,0.33453,0.29264,0.378369,0.317876,0.317139,0.321541	0.0858164,0.0670969,0.0245869,0.0352974,0.143955,0.0474664,0.0986586,0.0506669,0.00644861,0.117827,0.150686,0.0463839,0.0921734,0.10735,0.160281,0.159177,0.101024,0.208353,0.136407,0.114866
0.496751,0.477882,0.366814,0.358424,0.531114,0.462197,0.526814,0.378032,0.317793,0.381477,0.509364,0.3023,0.400495,0.496732,0.518587,0.476774,0.521987,0.531704,0.463374,0.479245	0.287078,0.294482,0.26386,0.253489,0.303955,0.32616,0.30575,0.312134,0.263571,0.269812,0.279737,0.241418,0.260557,0.310426,0.276354,0.239475,0.319309,0.262171,0.236622,0.264482	0.244546,0.213436,0.113987,0.115422,0.27089,0.160185,0.263509,0.0747143,0.0591787,0.124478,0.267782,0.0656745,0.156242,0.220272,0.282756,0.267885,0.243217,0.313191,0.254675,0.245937
0.537332,0.520217,0.40306,0.401473,0.534796,0.47562,0.553999,0.394613,0.338811,0.396493,0.559558,0.32617,0.439107,0.508832,0.52562,0.515044,0.544906,0.552213,0.481268,0.508992	0.464566,0.451275,0.380261,0.378179,0.47627,0.440844,0.500995,0.38912,0.313515,0.344526,0.482855,0.298809,0.414336,0.446714,0.464834,0.418977,0.469064,0.465292,0.40126,0.436264	0.0969736,0.0900915,0.0269259,0.0274644,0.0785275,0.0440019,0.0733673,0.00648977,0.028302,0.0601884,0.105099,0.0303164,0.0302796,0.0803911,0.0804397,0.122502,0.101883,0.116977,0.0991562,0.0934868
0.51034,0.470825,0.37811,0.367726,0.535902,0.453047,0.525351,0.390577,0.316956,0.37569,0.514285,0.305916,0.398633,0.488758,0.520356,0.482478,0.521252,0.531617,0.477142,0.483249	0.285283,0.276884,0.252782,0.250059,0.290371,0.308194,0.286943,0.306794,0.240792,0.251591,0.259171,0.233704,0.246496,0.284911,0.259759,0.228991,0.30134,0.239826,0.236792,0.250891	0.263406,0.223014,0.138573,0.129583,0.290779,0.168361,0.280726,0.0951882,0.0824572,0.137053,0.294347,0.0777725,0.168715,0.236826,0.301327,0.284972,0.260891,0.334429,0.270965,0.264418
0.30029,0.318503,0.215138,0.23741,0.332897,0.375446,0.320609,0.265063,0.188944,0.2529,0.320455,0.238933,0.242683,0.268522,0.278587,0.30831,0.28464,0.321549,0.25707,0.324485	0.364113,0.337567,0.269329,0.296019,0.401028,0.418311,0.398925,0.358042,0.247561,0.285136,0.371869,0.262754,0.320479,0.316954,0.347266,0.355347,0.357534,0.347602,0.296711,0.358885	-0.0716573,-0.0213605,-0.0575236,-0.0630394,-0.0786279,-0.0508506,-0.0898017,-0.102729,-0.0614928,-0.0347406,-0.0583702,-0.0254167,-0.0843573,-0.0529378,-0.076034,-0.0528239,-0.081153,-0.029331,-0.042915,-0.0389333
0.622215,0.590756,0.403768,0.506318,0.65796,0.56504,0.638146,0.496047,0.407842,0.527635,0.65484,0.463366,0.567314,0.598374,0.686176,0.645048,0.658282,0.693058,0.623755,0.637879	0.498318,0.467106,0.325963,0.426054,0.571001,0.469639,0.519309,0.480902,0.360164,0.51936,0.560475,0.444306,0.512345,0.511677,0.591131,0.556914,0.549773,0.607936,0.524311,0.524281	0.179577,0.170775,0.0895972,0.10234,0.139291,0.129862,0.177739,0.0198894,0.0558878,0.0113984,0.149081,0.0240012,0.0774926,0.124955,0.159905,0.137545,0.170053,0.147101,0.147771,0.170677
0.478367,0.454025,0.325402,0.372367,0.470628,0.432077,0.460135,0.364619,0.331508,0.383324,0.492041,0.326716,0.370622,0.453347,0.461291,0.443242,0.479372,0.48129,0.445141,0.467221	0.479833,0.443256,0.330154,0.376115,0.530171,0.436254,0.493277,0.41076,0.313552,0.436143,0.538998,0.337752,0.434799,0.481698,0.534485,0.487444,0.487973,0.563642,0.485523,0.489947	-0.00190332,0.0134823,-0.00532379,-0.00435848,-0.0793387,-0.00514702,-0.0428721,-0.0542682,0.0200389,-0.0634218,-0.0639054,-0.0124058,-0.0765054,-0.0362718,-0.0971464,-0.0563846,-0.0112278,-0.113009,-0.0515159,-0.0294728
0.636377,0.579919,0.419671,0.51266,0.67492,0.557853,0.644692,0.511404,0.399919,0.53793,0.66698,0.467161,0.577401,0.600164,0.687615,0.655393,0.659098,0.700175,0.626285,0.646685	0.501484,0.444486,0.321929,0.41916,0.573323,0.454583,0.513167,0.483191,0.330947,0.5136,0.549909,0.436947,0.513165,0.498018,0.577743,0.554256,0.535521,0.597852,0.516077,0.517122	0.198119,0.182468,0.11301,0.119092,0.165722,0.138356,0.196551,0.037472,0.0794924,0.0336182,0.184882,0.0379632,0.0912842,0.145692,0.182288,0.158835,0.190988,0.175995,0.162838,0.194661
0.193325,0.257164,0.164025,0.179344,0.195459,0.252281,0.198646,0.181661,0.153986,0.189413,0.203358,0.18046,0.151445,0.180182,0.146272,0.175602,0.204295,0.163395,0.177989,0.234282	0.328646,0.336159,0.242511,0.256239,0.377189,0.334611,0.369058,0.312513,0.226874,0.324139,0.378493,0.246537,0.308133,0.304021,0.351802,0.368754,0.352828,0.374608,0.336866,0.366583	-0.144502,-0.0864708,-0.0817375,-0.0805984,-0.196195,-0.089921,-0.183894,-0.138728,-0.0755269,-0.143539,-0.18974,-0.0691541,-0.164358,-0.131016,-0.21668,-0.206525,-0.16007,-0.224985,-0.16901,-0.144731
0.446197,0.449422,0.349374,0.3596,0.47344,0.437436,0.450746,0.40331,0.343791,0.382547,0.435063,0.310339,0.361882,0.438912,0.434284,0.424004,0.474668,0.450293,0.427467,0.461704	0.573229,0.559697,0.427575,0.44202,0.624377,0.537072,0.606019,0.462388,0.371437,0.442999,0.580955,0.339173,0.4769,0.556946,0.607398,0.558545,0.593458,0.6193,0.568427,0.597514	-0.17069,-0.147336,-0.0919336,-0.0979962,-0.214279,-0.130233,-0.213628,-0.0726198,-0.0316928,-0.0727876,-0.195239,-0.032226,-0.139009,-0.156223,-0.23514,-0.176292,-0.165375,-0.234363,-0.186205,-0.18755
0.703354,0.705794,0.561581,0.57236,0.772074,0.662516,0.747872,0.585873,0.492215,0.57729,0.741531,0.456829,0.628808,0.690878,0.752907,0.738341,0.737001,0.748522,0.714179,0.753931	0.692723,0.69757,0.541282,0.56033,0.759096,0.655006,0.736859,0.572671,0.471275,0.561498,0.720859,0.445204,0.620735,0.677595,0.740603,0.725762,0.723381,0.732583,0.704779,0.739437	0.0207315,0.0161994,0.0291628,0.0177085,0.031355,0.0132665,0.0245306,0.0198672,0.0272644,0.023367,0.0444121,0.0145934,0.0132413,0.0249755,0.0278113,0.0271006,0.0291729,0.035291,0.0189272,0.0327536
0.0922346,0.1473,0.127772,0.138662,0.105254,0.195336,0.0850016,0.172395,0.136749,0.16611,0.100555,0.15116,0.0912669,0.10887,0.0436232,0.0677501,0.0904922,0.0873136,0.0772765,0.136755	0.353999,0.350244,0.281042,0.290504,0.378651,0.375987,0.384054,0.325116,0.248964,0.305014,0.378129,0.233533,0.294276,0.319525,0.352748,0.340041,0.358932,0.385766,0.336286,0.387008	-0.2706,-0.213984,-0.158979,-0.158215,-0.284745,-0.19497,-0.309144,-0.161789,-0.11617,-0.146318,-0.288546,-0.0853878,-0.208612,-0.218247,-0.313956,-0.278711,-0.277452,-0.308855,-0.26592,-0.264237
0.579409,0.564315,0.438526,0.448121,0.62799,0.535896,0.608313,0.472165,0.378019,0.453256,0.597467,0.350107,0.481771,0.566304,0.612906,0.566155,0.600862,0.62674,0.573175,0.606954	0.440296,0.443724,0.338588,0.352384,0.460855,0.427626,0.439124,0.397476,0.329012,0.377075,0.428055,0.30972,0.356303,0.432588,0.424004,0.416215,0.466455,0.438668,0.421097,0.453927	0.186757,0.160875,0.117364,0.113689,0.235207,0.140458,0.230857,0.091945,0.0559679,0.0918861,0.227627,0.0452985,0.151469,0.177102,0.25523,0.196165,0.186748,0.259385,0.200463,0.211222
0.257769,0.272075,0.204525,0.242744,0.275899,0.301746,0.275124,0.252668,0.200055,0.234863,0.276096,0.214063,0.220358,0.246265,0.231231,0.226411,0.253744,0.25645,0.230041,0.282834	0.389634,0.358187,0.277704,0.319124,0.389725,0.378907,0.410034,0.344066,0.283154,0.314046,0.40524,0.268243,0.315137,0.343174,0.362683,0.362376,0.395676,0.376012,0.34583,0.390275	-0.146587,-0.09541,-0.0775854,-0.0827935,-0.127539,-0.0871229,-0.152065,-0.1001,-0.0880883,-0.0854885,-0.145414,-0.0574799,-0.101852,-0.105855,-0.143486,-0.148117,-0.157773,-0.132321,-0.125797,-0.120772
0.0914905,0.13576,0.108651,0.14131,0.0875595,0.180352,0.0630907,0.160438,0.117654,0.151485,0.0863657,0.148984,0.0779078,0.0887139,0.0322569,0.0439457,0.0711234,0.045764,0.0802856,0.120216	0.366756,0.348116,0.280319,0.308268,0.377379,0.369752,0.377414,0.32706,0.251746,0.309366,0.393213,0.244124,0.291585,0.312904,0.359639,0.330758,0.354275,0.361314,0.351158,0.387346	-0.284823,-0.22289,-0.177061,-0.174562,-0.299723,-0.202933,-0.32199,-0.175849,-0.138185,-0.165643,-0.317634,-0.0987309,-0.218644,-0.230591,-0.331224,-0.291042,-0.290471,-0.320855,-0.278731,-0.280176
0.241149,0.209993,0.0546835,0.199442,0.303978,0.168099,0.257226,0.196549,0.113274,0.21754,0.30624,0.208152,0.273944,0.215512,0.340099,0.31706,0.288018,0.359129,0.293324,0.288769	0.17441,0.136569,0.069421,0.165799,0.248302,0.11547,0.207561,0.186117,0.0888682,0.208379,0.179334,0.17118,0.264883,0.147938,0.265203,0.250423,0.219059,0.290633,0.185312,0.210698	0.0696697,0.0755917,-0.0147937,0.0347934,0.0602206,0.0536707,0.0524665,0.0108273,0.0246541,0.00959563,0.134281,0.038338,0.00976963,0.0697995,0.0823211,0.0723845,0.0736025,0.076478,0.114221,0.083129
-0.063756,-0.0793799,-0.0998901,-0.0505088,-0.04102,-0.0656144,-0.0909653,-0.0320416,-0.0220712,-0.0180054,-0.0660763,-0.0162653,-0.0693986,-0.0483059,-0.0567008,-0.0705055,-0.0728847,-0.0363031,-0.0322442,-0.0498033	0.118619,0.0787502,0.0621224,0.0807024,0.147946,0.0456557,0.129747,0.0635395,0.026499,0.073384,0.106834,0.0256513,0.128764,0.0708928,0.133403,0.12178,0.083746,0.180163,0.100805,0.131118	-0.181006,-0.157148,-0.161013,-0.130679,-0.187827,-0.110938,-0.218138,-0.0953869,-0.0485418,-0.0912687,-0.171699,-0.0418991,-0.196408,-0.118792,-0.188676,-0.190649,-0.15568,-0.215059,-0.132618,-0.179747
0.254318,0.198586,0.0632759,0.195305,0.327014,0.173474,0.272642,0.202312,0.0999137,0.239375,0.319243,0.211425,0.295689,0.229416,0.34469,0.332562,0.292575,0.379982,0.282568,0.297244	0.183361,0.0969286,0.0626467,0.158515,0.249794,0.0925741,0.196049,0.183695,0.0528836,0.202737,0.162614,0.162947,0.262927,0.123323,0.242137,0.247071,0.197145,0.277433,0.175854,0.198415	0.074428,0.103652,0.000631756,0.0379652,0.0840893,0.0822201,0.0809183,0.0193356,0.0472799,0.0385063,0.165206,0.0502084,0.0355238,0.109182,0.111891,0.0931438,0.10127,0.114634,0.112294,0.105024
-0.118879,-0.0707074,-0.0632141,-0.0782525,-0.161072,-0.154385,-0.123443,-0.106755,-0.0514442,-0.0870538,-0.146915,-0.0859478,-0.105578,-0.100931,-0.169217,-0.155293,-0.100471,-0.17895,-0.0905123,-0.120028	-0.169736,-0.146731,-0.0807887,-0.104682,-0.174773,-0.14974,-0.141595,-0.107148,-0.126209,-0.11561,-0.229109,-0.100042,-0.0926841,-0.219314,-0.225294,-0.137422,-0.191444,-0.209652,-0.160231,-0.133098	0.0519045,0.0768209,0.0176648,0.0266479,0.0140978,-0.0047555,0.0184752,0.000397878,0.075253,0.0288462,0.0850569,0.0142169,-0.0130217,0.121063,0.0583,-0.0182603,0.0927572,0.0318996,0.0707446,0.0132828
-0.0666381,-0.0522604,-0.0450885,-0.035909,-0.0128598,-0.0229492,-0.0778478,0.0274658,0.0116139,-0.00332038,-0.114696,-0.015622,-0.0647142,-0.0430734,-0.0750003,-0.076809,-0.0417943,-0.050633,-0.0323111,-0.026052	0.183395,0.183919,0.104969,0.127293,0.240334,0.14446,0.204476,0.132846,0.0837837,0.0969337,0.180527,0.0548872,0.142411,0.151885,0.187895,0.180417,0.189657,0.233081,0.209273,0.233501	-0.247014,-0.233931,-0.149351,-0.16246,-0.252414,-0.166856,-0.2779,-0.105766,-0.07224,-0.100222,-0.289234,-0.0704488,-0.205234,-0.193691,-0.259242,-0.25371,-0.229631,-0.280405,-0.239961,-0.257984
0.424346,0.464128,0.304755,0.317198,0.537491,0.387014,0.501406,0.325601,0.257215,0.309936,0.489006,0.206793,0.408349,0.433794,0.50425,0.500344,0.484053,0.506566,0.472334,0.522202	0.420798,0.434131,0.289675,0.314194,0.5145,0.357221,0.471486,0.316548,0.228956,0.282467,0.45742,0.193778,0.382487,0.391644,0.475833,0.481224,0.454661,0.472859,0.47346,0.500753	0.00431859,0.037566,0.0165404,0.00333727,0.0317791,0.0345736,0.039183,0.0100929,0.0300274,0.0301046,0.0406871,0.013558,0.0306495,0.0507762,0.0373876,0.0251849,0.0376861,0.0443244,-0.00145088,0.0290439
-0.243057,-0.197801,-0.106165,-0.116998,-0.271411,-0.221647,-0.27323,-0.113402,-0.0640245,-0.107537,-0.258927,-0.105078,-0.177872,-0.193481,-0.290696,-0.282083,-0.247462,-0.263882,-0.218777,-0.231283	-0.241244,-0.209726,-0.138704,-0.122515,-0.243652,-0.178923,-0.252367,-0.103275,-0.11747,-0.122171,-0.237478,-0.0927763,-0.168116,-0.258335,-0.291677,-0.22277,-0.278405,-0.243675,-0.20131,-0.191949	-0.00192563,0.0124416,0.0330251,0.00559747,-0.0297245,-0.0444881,-0.0224085,-0.0102463,0.0538502,0.0148295,-0.0228548,-0.0124231,-0.0100569,0.0682656,0.00107123,-0.06329,0.0332336,-0.0215951,-0.0182713,-0.0411614
0.17952,0.202615,0.10754,0.11988,0.24424,0.158591,0.214227,0.133317,0.0947893,0.117891,0.203913,0.0650878,0.155106,0.1829,0.201165,0.186063,0.204904,0.250969,0.1998,0.244603	-0.0739639,-0.0624598,-0.0572267,-0.0462159,-0.0317744,-0.0359789,-0.0949396,0.0189631,-0.0030299,-0.0083697,-0.120422,-0.018609,-0.0769265,-0.0525893,-0.0885451,-0.0897544,-0.0541921,-0.0660806,-0.0406407,-0.0345074	0.250162,0.261763,0.163759,0.165181,0.273889,0.193466,0.303004,0.114644,0.0977911,0.126137,0.316561,0.0835955,0.229297,0.233246,0.28464,0.271287,0.256251,0.311878,0.238504,0.276774
-0.0354976,-0.0391791,-0.0142287,0.00588679,-0.0580436,-0.0870699,-0.0433758,-0.0148118,0.0196363,-0.021293,-0.0433312,-0.0242387,-0.0182464,-0.0187,-0.0582701,-0.092749,-0.030266,-0.0616367,-0.0259459,-0.044482	-0.259402,-0.256212,-0.184339,-0.149962,-0.242585,-0.187008,-0.267111,-0.104684,-0.10193,-0.128557,-0.28773,-0.0821443,-0.194534,-0.249945,-0.287407,-0.244555,-0.263062,-0.285312,-0.213268,-0.222941	0.225985,0.219234,0.170558,0.155711,0.187177,0.101592,0.226358,0.0900113,0.121324,0.107558,0.247484,0.0580211,0.176915,0.232331,0.23304,0.155329,0.234665,0.227679,0.188364,0.180246
-0.245354,-0.208097,-0.129526,-0.11567,-0.295838,-0.236745,-0.302285,-0.129153,-0.0810211,-0.123276,-0.275587,-0.106143,-0.19659,-0.21743,-0.305492,-0.312509,-0.272365,-0.309523,-0.216949,-0.251695	-0.240464,-0.196132,-0.14909,-0.117241,-0.252881,-0.170304,-0.259667,-0.112637,-0.109856,-0.115915,-0.22986,-0.0837857,-0.166964,-0.251382,-0.285376,-0.240611,-0.281556,-0.265162,-0.198958,-0.198844	-0.00519635,-0.012474,0.0199494,0.00159271,-0.0464306,-0.0692326,-0.046249,-0.0167606,0.0290936,-0.00746754,-0.048819,-0.0225574,-0.0306309,0.0359151,-0.0220379,-0.0777432,0.00995451,-0.048327,-0.0188023,-0.0556359
-0.00415125,0.032448,0.0583416,0.0102676,0.0314331,0.0466162,0.0149517,0.0690973,0.0358226,0.0164601,-0.0670317,-0.00270064,0.00536605,0.0100216,-0.0230889,-0.00974841,0.0377871,-0.0235851,-0.000307662,0.0241759	-0.0657419,-0.0276204,0.0545843,-0.080917,-0.0823452,-0.0240268,-0.0705042,-0.0619409,-0.027067,-0.125332,-0.142196,-0.1533,-0.143315,-0.0672571,-0.175835,-0.158438,-0.114038,-0.15919,-0.104427,-0.0711791	0.0616075,0.0600146,0.00376929,0.0911089,0.113485,0.070564,0.0853659,0.13048,0.0628287,0.1415,0.0758872,0.150662,0.148567,0.0772266,0.153369,0.148919,0.151174,0.136116,0.104123,0.0951911
0.216737,0.319451,0.256916,0.149231,0.279665,0.250711,0.284187,0.148694,0.166992,0.0979464,0.237235,0.00497687,0.147252,0.245186,0.226651,0.239596,0.256879,0.191034,0.253773,0.310053	0.228584,0.269671,0.25004,0.137769,0.275608,0.220143,0.270484,0.146573,0.122748,0.0926739,0.21473,-0.00873607,0.143513,0.212678,0.192369,0.226789,0.222934,0.168719,0.23811,0.292614	-0.0124644,0.0544724,0.00734773,0.0117029,0.00439537,0.0323537,0.0148444,0.00216853,0.0451696,0.00532073,0.0237124,0.0137123,0.00381989,0.0342965,0.0358448,0.0135427,0.036007,0.0230579,0.0166699,0.0191793
-0.134642,-0.148779,-0.0423142,-0.050343,-0.125843,-0.0772318,-0.158039,-0.00469465,-0.0256264,-0.0327043,-0.15402,-0.028145,-0.0815762,-0.094689,-0.156592,-0.166306,-0.1734,-0.113352,-0.153827,-0.144234	-0.422136,-0.381167,-0.180007,-0.305421,-0.458232,-0.315752,-0.435673,-0.273085,-0.220745,-0.329508,-0.478864,-0.282478,-0.393257,-0.412319,-0.534457,-0.482401,-0.492552,-0.50946,-0.448521,-0.437952	0.304819,0.246359,0.13875,0.259061,0.35273,0.244482,0.298164,0.268735,0.196228,0.300036,0.35071,0.256372,0.322011,0.330535,0.412377,0.343667,0.348956,0.420385,0.316533,0.313522
-0.0833116,-2.12503e-05,0.0463896,-0.0827485,-0.101818,-0.016123,-0.0793284,-0.067888,-0.0037592,-0.127965,-0.135166,-0.14417,-0.155565,-0.0536722,-0.170273,-0.166035,-0.101819,-0.164427,-0.103242,-0.0699721	-0.0124716,0.0206027,0.0438931,-0.000636056,0.00910914,0.02935,-0.00376111,0.0620201,0.0198337,0.00894128,-0.0756191,-0.0036163,-0.00856376,-0.00123746,-0.0407806,-0.0255989,0.024661,-0.0448991,-0.0110685,0.0131277	-0.0709138,-0.020624,0.00250155,-0.0821168,-0.110824,-0.0454515,-0.0755899,-0.129363,-0.0235912,-0.13675,-0.0601621,-0.140627,-0.147198,-0.0524382,-0.130398,-0.141036,-0.126163,-0.120417,-0.0922791,-0.0830236
0.0915899,0.0340116,0.054332,0.0875361,0.107168,0.0765727,0.0971273,0.09432,0.0595262,0.0656286,0.107243,0.0588875,0.0981683,0.0924528,0.117486,0.0782382,0.0764405,0.125747,0.0782808,0.082214	-0.188007,-0.175524,-0.0845163,-0.102474,-0.188421,-0.116139,-0.158253,-0.0753074,-0.085226,-0.117829,-0.215965,-0.0678968,-0.118728,-0.198832,-0.217222,-0.16934,-0.184896,-0.230828,-0.181258,-0.172444	0.274864,0.208292,0.138214,0.188321,0.289738,0.191013,0.251514,0.168431,0.144022,0.182049,0.315891,0.126279,0.214397,0.286027,0.326379,0.244341,0.257695,0.346518,0.255908,0.251098
-0.137481,-0.162764,-0.0673585,-0.0470288,-0.157396,-0.0965468,-0.191399,-0.0191582,-0.0466558,-0.0530452,-0.17541,-0.0307958,-0.106164,-0.125635,-0.176799,-0.204669,-0.19972,-0.179465,-0.148838,-0.173049	-0.432091,-0.362572,-0.198795,-0.298136,-0.481934,-0.310773,-0.452496,-0.286728,-0.205053,-0.341603,-0.482454,-0.278315,-0.410302,-0.419855,-0.533891,-0.508223,-0.493602,-0.541711,-0.437612,-0.451953	0.313216,0.212339,0.13322,0.254678,0.351176,0.220852,0.285853,0.269048,0.159927,0.293883,0.335431,0.249659,0.31799,0.310604,0.394312,0.338795,0.326022,0.401254,0.308894,0.302568
-0.287778,-0.312162,-0.212173,-0.222324,-0.360725,-0.260349,-0.347377,-0.211004,-0.165631,-0.211359,-0.344398,-0.151204,-0.285356,-0.288148,-0.364041,-0.373712,-0.338398,-0.329208,-0.332957,-0.360741	-0.00979539,-0.01483,-0.0154862,-0.0129521,-0.0327635,-0.0215493,-0.0258003,-0.00793597,-0.0179199,-0.00591538,-0.0124085,-0.00341765,-0.0166047,-0.0154988,-0.02118,-0.0218296,-0.0171505,-0.0255348,-0.0129284,-0.0168411	-0.278769,-0.298715,-0.197335,-0.209977,-0.331884,-0.240147,-0.324484,-0.203408,-0.148151,-0.205701,-0.333414,-0.147863,-0.270031,-0.273872,-0.345525,-0.354777,-0.323123,-0.306248,-0.321413,-0.346002
0.216443,0.174224,0.0950598,0.1315,0.228154,0.15014,0.247554,0.09975,0.0852902,0.0925867,0.236609,0.0809211,0.168225,0.183657,0.250739,0.217771,0.235911,0.220121,0.217542,0.213748	-0.176386,-0.189996,-0.133133,-0.111315,-0.20797,-0.15205,-0.161698,-0.129244,-0.113054,-0.125032,-0.152819,-0.0646551,-0.121169,-0.201222,-0.193233,-0.156774,-0.202218,-0.205758,-0.173371,-0.189305	0.378384,0.35255,0.225341,0.239311,0.416368,0.295445,0.393501,0.226079,0.19645,0.215129,0.375838,0.144819,0.283614,0.371162,0.423455,0.36218,0.41818,0.407426,0.376705,0.387378
-0.00203548,-0.0221402,-0.0283198,0.00309414,-0.0419059,-0.0257449,-0.0450968,-0.0151181,-0.0244164,-0.0208604,-0.0262592,-0.0025966,-0.0241697,-0.0375942,-0.0238615,-0.0463915,-0.0372339,-0.07957,0.00568859,-0.0375013	-0.549805,-0.564888,-0.404008,-0.397259,-0.638868,-0.489818,-0.611881,-0.393884,-0.34007,-0.397231,-0.601362,-0.272734,-0.492828,-0.564502,-0.639723,-0.617686,-0.620309,-0.628954,-0.575114,-0.626771	0.548383,0.549622,0.380036,0.399862,0.613384,0.47,0.582867,0.381035,0.318297,0.379516,0.58433,0.270328,0.474308,0.538332,0.625408,0.588148,0.59686,0.578327,0.578909,0.603454
-0.218282,-0.19099,-0.119477,-0.129866,-0.255518,-0.16924,-0.278198,-0.112526,-0.10628,-0.110048,-0.255213,-0.0833267,-0.18789,-0.213777,-0.26808,-0.249513,-0.26176,-0.276037,-0.213516,-0.238118	-0.374294,-0.359228,-0.23694,-0.228125,-0.424382,-0.299112,-0.405962,-0.231859,-0.200152,-0.22603,-0.385901,-0.144775,-0.292401,-0.389578,-0.427753,-0.379899,-0.429429,-0.440931,-0.366309,-0.40028	0.169892,0.18063,0.120885,0.101259,0.189403,0.136797,0.144031,0.12253,0.095912,0.118941,0.144965,0.0621985,0.110587,0.191772,0.180356,0.144039,0.188903,0.187746,0.165757,0.179247
